,ch0_t0,ch0_k,ch0_tau,ch0_rise,ch0_ped,ch1_t0,ch1_k,ch1_tau,ch1_rise,ch1_ped,ch0_chi2,ch0_pedrms,ch1_chi2,ch1_pedrms,absk,dt_ms
0,0.08160745448221737,1.759304181842991,0.1399455499753191,0.034613250649904795,-15.902372170769425,0.08171932957185536,1.0180794471225891,0.05705003461862488,0.05704727701645081,7.054315937426042,1.010399771786065,5.7772406e-05,2.5547039188659117,3.502961e-05,2.03264285227476,42
1,0.08100394086452117,1.5446023794555064,0.11239167682278271,0.04347599117692486,-15.853451456636952,0.08213807038155148,1.1814506755762562,0.10044858709961337,0.03754975155330151,6.768525885963779,5.929454859040966,6.049769e-05,2.369264583603862,4.2485448e-05,1.9446393520237124,132
2,0.08680943669075099,1.8569621678202273,0.12100379858805874,0.035240869111071986,-15.89812631489114,0.08066206248388617,1.2189079492778225,0.08101679079686304,0.05371649641290864,6.517562984269809,6.887492122084883,4.7535294e-05,1.4055273093150236,4.6791465e-05,2.221271050891418,237
3,0.08133334452472422,1.8335453537664463,0.177628433236719,0.030121649059493695,-15.996291630657169,0.08297830155007893,1.240504303273376,0.06375637997084066,0.06373735623803307,6.462444569515116,2.1554721497559353,6.669581e-05,0.6874538375909034,6.701092e-05,2.213761389752357,342
4,0.08838580142896012,1.6826017682426315,0.1540506739235776,0.02637612073938003,-15.991986487316124,0.08178788630814456,1.318314746367357,0.06469985113736719,0.06469703328459156,6.510345243998094,2.9052749947789565,9.4047085e-05,3.0305558067066074,4.1031904e-05,2.1375459014914413,432
5,0.08126123958960944,1.7926417134417612,0.14644230888748305,0.03311980669013479,-15.978238723448976,0.08089447881947424,1.1686865180454642,0.06301371164711919,0.06301025144817267,6.699249945456263,2.732451798769021,5.125012e-05,0.8963722305049895,5.0960898e-05,2.1399515158602647,537
6,0.08219001506423876,1.8103067715575838,0.13882119497017623,0.03525191237751002,-15.933603015516603,0.08072222065519051,1.1241382685376369,0.05944868324334098,0.05942020093158321,6.7946154517544555,2.100040376838873,7.114633e-05,1.8950565626438187,4.423878e-05,2.130938162861147,642
7,0.07989213240162811,1.6779804810035535,0.13893571239030314,0.03533159265549484,-15.896397820927596,0.07874366742332486,1.1087974588230665,0.061497354199508206,0.06149288791288705,6.840073944935939,1.1711250906615365,6.9709444e-05,1.673516810748061,4.0905266e-05,2.011231040761207,732
8,0.08246235747290881,1.7110592783150076,0.17678051115999133,0.027508557160387786,-15.916672147641982,0.08287512626785412,1.0611379168599837,0.057671981625971334,0.057666012743440735,6.998765292487873,3.387947728396991,4.8144255e-05,0.9276391583814421,5.3786145e-05,2.013389563026942,837
9,0.0821917865562453,1.6574116173112377,0.19238211090122975,0.024964475811970175,-15.97142458451482,0.07966984324653902,1.0509017558578526,0.05788902072905504,0.057882996062586095,7.101645967648747,8.159692863751426,5.6643697e-05,1.4846391219978274,5.2343097e-05,1.9625003871753426,942
10,0.08507312378602842,1.6933030121801451,0.13364563327466297,0.03480533500143641,-15.856800111172305,0.08651101469384835,1.0926788734175303,0.07648920148449995,0.03948108236341185,7.008248334947895,4.136317145809132,5.7427846e-05,2.44373818709809,4.0788524e-05,2.0152474318235356,1032
11,0.080227091010163,1.7637613562883045,0.13436398005093528,0.04096442067235264,-16.001188293765843,0.08768446502844822,1.124957215759942,0.05569907191253957,0.055697824421611086,6.808742357720866,4.232092154582583,4.5857407e-05,2.2658337679432194,4.336816e-05,2.091980606799767,1137
12,0.08747826946391882,1.7253157092777884,0.19007151069599498,0.023538471755541232,-16.005259669284193,0.08086582582152839,1.3364164586369376,0.06518414715451608,0.06517918649972312,6.510968112651797,2.9182717082790792,5.1791147e-05,1.8676620610878978,4.1861913e-05,2.182366432933849,1242
13,0.07988046585249432,1.9080109237217306,0.13601670903868876,0.03951568929951927,-15.975992610748593,0.08126543569624789,1.236594701592835,0.06932695550942727,0.06246030499433351,6.470953249233029,0.7539430469395731,6.0734495e-05,2.1253549463989367,4.4515276e-05,2.273691302936466,1332
14,0.08112181491090714,1.907361553607791,0.13473380305479818,0.04432182077765612,-15.970398212887087,0.08310000370295702,1.218182169152999,0.05808655301261656,0.05808613701063709,6.545711199163033,1.3359129689870395,6.365185e-05,1.494147691385663,4.88571e-05,2.263182691128454,1437
15,0.08757064113203619,1.73755404935927,0.12985521692434454,0.03575671356593336,-15.906104590743684,0.08231139523612699,1.2468692060925364,0.10860225789109286,0.036673098108018026,6.630973098658139,5.144465197444163,4.125975e-05,1.5278202157946879,4.361339e-05,2.1386390278741825,1542
16,0.08132296807332372,1.811703260941703,0.16670610301197086,0.029762892023238546,-15.939002303981397,0.08754843267700518,1.0437386317518387,0.057845241763551436,0.05784398150021,6.839258435592831,2.2397376720345425,4.3521406e-05,1.5845831194967401,4.1728166e-05,2.0908512709224443,1631
17,0.08232718610599453,1.6555052480609298,0.2756315661354273,0.019638707435804426,-15.984301399862808,0.08026477226613386,1.1387720943199122,0.05840580803344326,0.05840133918131792,6.947011471276585,1.5668419880312667,8.529561e-05,1.4192633000716401,6.000701e-05,2.0093530076019595,1736
18,0.08678180602998078,1.644303916882522,0.13382069462158838,0.028690224218833757,-15.943903975478065,0.07575665014956437,1.0328468067679992,0.06514606061592614,0.06511831821772773,7.006060055179435,1.196373056839428,8.577516e-05,1.9050685804546819,4.3096763e-05,1.941779569705598,1841
19,0.08010069760532168,1.7852842352935867,0.19073965877050053,0.024873469581430527,-15.895568194043845,0.0831027665395485,0.9587328883336278,0.054314560601764615,0.054313148974765364,7.114187984482433,8.857723211434365,4.6708108e-05,4.3738388398417225,4.1743107e-05,2.026427534347169,1931
20,0.08262997678222882,1.6964015590239885,0.13059708576505824,0.03311250614471839,-15.811065555267456,0.08245618018411845,1.044629791144185,0.05769878691833366,0.05768500130889516,7.035720887952081,2.790804138853123,4.7070767e-05,1.8112236038385807,3.9151448e-05,1.992242367284905,2036
21,0.08440502467252514,1.68721991547989,0.13290245906741693,0.033007840470401284,-15.910107658438022,0.0818429935946657,1.173169253086726,0.0791585109602856,0.050458819683028955,6.7371733119472825,0.7953913402325261,7.1549446e-05,0.866563861913853,5.1554074e-05,2.0550029536669854,2142
22,0.08104557171994614,1.777423617751322,0.1842947636689302,0.033149962727072414,-15.982074548503777,0.08296548197716029,1.2716459373478444,0.06179720863399894,0.06179319337536443,6.489558691934486,6.268314137349671,3.7084166e-05,1.2100959941373157,5.5317345e-05,2.1854789193477653,2232
23,0.08154915510175029,1.8512614956401192,0.1950759067769023,0.037156083890798254,-16.006991041448845,0.08201570418855426,1.3605492236001138,0.0593599213876858,0.05935462581266611,6.4293713048854775,0.5440941352255322,0.0001361153,3.04455310210477,4.2354182e-05,2.2974471299854895,2337
24,0.08161524835940714,1.8628392133585596,0.17232179761505156,0.028311149967508845,-15.944923286443196,0.08271620504384315,1.1905377226689113,0.06624651548756368,0.06623764991027731,6.524608869636767,1.1815102750506556,8.4377905e-05,1.9109399022615046,4.7106067e-05,2.2107804060837917,2442
25,0.08123282305104826,1.8264524035460867,0.13870959587139,0.03608867995733997,-15.966597803789458,0.08207461346034693,1.1394838358764985,0.09786639669694712,0.04112887221925414,6.672049420004341,1.2067544550721738,7.294287e-05,1.7349838352779579,4.0951854e-05,2.152754466873335,2532
26,0.08203472733821958,1.8043024563450945,0.2316563449544752,0.024123116093152097,-16.030382449675695,0.08366126009349986,1.0439724212918584,0.056117188400478996,0.05611615829938359,6.800960573171349,1.8413820916414783,5.900391e-05,2.607514816345259,4.1656003e-05,2.084558891082458,2637
27,0.08215121305157166,1.5122955250292636,0.15835232565026444,0.029928842412008674,-15.839182315895101,0.08088221511994834,1.176035294214288,0.07584251080295566,0.054302740585331764,6.884867784964061,7.174673498114785,5.9251473e-05,3.2821638859150957,3.8877726e-05,1.9157496622109118,2741
28,0.08762823066993043,1.585742343898768,0.2208702458519441,0.016588945705764156,-15.983857213215293,0.0813059804047095,1.0368993565605236,0.060890234573987755,0.06088572080043616,7.0180363600690265,10.961822967562508,4.4459903e-05,2.3427211686872935,5.023395e-05,1.8946606706397813,2831
29,0.08646285909533717,1.6192710175945533,0.15705490064173933,0.02224611467074171,-15.864557952747253,0.07517738241615556,1.0586248307541923,0.06494594990312354,0.06494370906158671,7.079768045018596,5.197221983305497,4.709534e-05,0.9221144541778898,6.0358165e-05,1.9346124058092469,2937
30,0.08150879254848392,1.7096923319460477,0.16843376990583797,0.03297025140284353,-15.897116327699038,0.08148910955424311,1.0271955493364786,0.05728730099293976,0.05728617674381136,7.01939473809936,5.176751160294335,4.2398515e-05,1.5191361827719705,4.24043e-05,1.9945371810251582,3042
31,0.08116811996116102,1.909003128099449,0.15352488995977018,0.03976214652740403,-15.957390134831776,0.08278975951313126,1.1215511899029114,0.056117935753874325,0.056112969146987726,6.79693873035597,1.1237751062195356,7.030415e-05,1.1780983054409142,5.382159e-05,2.214084464212266,3132
32,0.08284799306205524,1.6962203935911944,0.3013572513753056,0.019162641631625146,-15.986665918069278,0.07981514397018771,1.3603791051435585,0.06735007570476331,0.06734797187702052,6.491014279554773,1.9621157634257453,8.6005275e-05,2.3302258142626013,4.679015e-05,2.1743493126325992,3237
33,0.08258880631758302,1.8734779984895922,0.12996623080982356,0.03819108968265625,-15.85043748687607,0.08306065403589687,1.268591112600398,0.09671886129399064,0.043509555085306365,6.49370520697649,2.6021925690266294,5.0449762e-05,1.5303630873933065,4.245202e-05,2.2625744676790824,3342
34,0.08757224048282124,1.7398410488128397,0.17210347672762663,0.027203214918953597,-15.942590058458919,0.08057345044268381,1.3016338633875877,0.0662241714578238,0.06621336274052148,6.554093108410551,9.200693305484076,2.9604857e-05,1.6157978124626495,4.1523734e-05,2.1728547096967756,3431
35,0.08811931808745876,1.746702344305002,0.14599263395586462,0.026425594055138973,-15.906768707232063,0.08142726026192489,1.1949162116516077,0.07324303551181177,0.05393262258294674,6.7027905501139085,1.3606414432595535,7.6831304e-05,1.2328175521515015,5.3756e-05,2.1163160993737256,3536
36,0.07972027612442419,1.9231490829758537,0.1394793273627796,0.037319089459979415,-15.961603258886091,0.08309901655551255,0.9951230029546648,0.061969316622602286,0.061966451282516696,6.8437607234948725,1.4725805019314553,7.473391e-05,0.7548162477693737,5.6594232e-05,2.165357288384616,3641
37,0.08294236488441606,1.7254634491651184,0.1408145332419807,0.03359334202443046,-15.895512684429336,0.0812583245837324,1.0546654688166597,0.06017011159683483,0.06016365058950569,6.898210760741285,3.259081063191268,5.3252967e-05,1.2430414385585753,5.833677e-05,2.0222619428548447,3731
38,0.08222103964397676,1.6547397382726443,0.13203069131461215,0.032742612031467416,-15.907870243943963,0.08690990928298778,1.0870909976953995,0.0807321124766089,0.03906612619457132,6.9389843034546095,3.940883722814535,4.0133364e-05,1.6450164979398194,4.2579013e-05,1.9798814203605728,3836
39,0.07565101363800526,1.651570992647022,0.12074430113058401,0.04270729182625104,-15.903705992081022,0.07930092739724737,0.9728584548922407,0.060851135897719885,0.06084674658366699,7.113950040273783,0.9755670262148659,6.243648e-05,1.731380089085162,3.702965e-05,1.9168047154074896,3941
40,0.08070891482377153,1.7958318739999433,0.16290282692904506,0.029976796969300255,-15.877727405386263,0.08279427057464465,1.0504597444937975,0.053857232802061554,0.053854584559615656,7.051194833965658,1.2582694752051335,6.772022e-05,1.390308839921583,4.955519e-05,2.0804994098716114,4031
41,0.08115803876673522,1.944490147881469,0.12746516150006076,0.0338496285181486,-15.967582784183989,0.08242367859634273,1.1094290595763807,0.09743359608074656,0.04030521310013482,6.7657602636862855,1.8047711296756235,8.981947e-05,1.7914088594900903,4.537993e-05,2.238721682889731,4136
42,0.08759288540189114,1.849344603489575,0.14901055408437006,0.029173207420073347,-15.92653431171662,0.08049962162752028,1.290834411087788,0.06608814216751084,0.06607446913248982,6.540228141077443,1.6232274367585098,7.7183606e-05,1.8790477871827673,4.3317446e-05,2.2552891032646722,4241
43,0.08230573837628917,1.8786150219952977,0.10237339392577656,0.04916812920625069,-15.93657015916642,0.08700133882118859,1.2568525129672417,0.11410299144408625,0.03483022135928824,6.499072952899694,1.8923933979419922,5.366661e-05,1.5580996204870483,4.8857055e-05,2.2602815400339984,4331
44,0.08690963427091532,1.8903833940758152,0.20309445882754215,0.023139857741630635,-15.988144331872931,0.08182892313014516,1.1996453636197049,0.060436973086819584,0.06043514444662412,6.501169144901309,2.894801935345459,5.02564e-05,1.1398327339688263,5.509173e-05,2.2389056199518222,4436
45,0.08100677551690748,1.8996425371421466,0.13538625780827918,0.03830441280332545,-15.935892198871853,0.08200617750243185,1.0727150987829026,0.06132157004360259,0.061298328829995266,6.648639915082939,4.210556778159983,4.1716725e-05,2.125077998132054,4.2785574e-05,2.1815956206585727,4541
46,0.08564322574517122,1.7286800772767286,0.15069380029776766,0.024326220907105633,-15.928665457653944,0.07950697147694831,1.1184094676306262,0.06547404781138699,0.06541383106044737,6.794942799185788,4.8160967696142265,5.282585e-05,1.796909986582213,5.164166e-05,2.058925580699627,4631
47,0.07977680365264792,1.7087916962970677,0.16837989279115323,0.03171754706441805,-15.875363372339784,0.08266648367932897,1.138252618512143,0.05767274647289661,0.05766931708294346,6.881041008414438,1.386798480804056,7.112266e-05,1.3567031089945025,4.4091877e-05,2.053189734263144,4736
48,0.08631512202017322,1.7797439828194332,0.17471100916324067,0.024543889861096645,-15.959186128556485,0.08117374290105003,1.067072223500142,0.05997219627031104,0.059956053993630166,7.057673714331993,5.642875126775077,5.258381e-05,3.5546321221294286,3.589186e-05,2.0751221107557782,4841
49,0.08290533248976086,1.627063624095135,0.12894580569202738,0.030903891978748706,-15.87456885514105,0.08138656182911887,1.0796282562567496,0.08453126020674691,0.04419468055281605,7.060379379960241,3.8573380814926086,4.6596073e-05,1.2434490903934161,5.1288633e-05,1.952673349170717,4931
50,0.08166892933411325,1.6178601835240463,0.14541068946512184,0.030826573166584145,-15.85442453789918,0.08365782949224589,1.012823915435186,0.061171579909537796,0.06116548155803371,7.029627926470921,4.617287517484402,5.71756e-05,3.266209772815606,3.3986595e-05,1.9087388132245653,5035
51,0.08054201142915365,1.7042872782394816,0.15187462972376406,0.035617783440802034,-15.944101042328633,0.08534498288057665,1.1959909699462359,0.057202699271037764,0.05720185158365865,6.771497038982816,1.3128139444850566,6.3727646e-05,0.9212424201923979,5.1682968e-05,2.0820637663054122,5140
52,0.08241177749617047,1.7625564991879645,0.1777935351538911,0.02832708633684119,-15.99601735474348,0.08705229084660436,1.2776808876822137,0.07531944209181007,0.05410879750395706,6.543612552575055,8.007033813524357,4.3884575e-05,3.169628090209013,3.8221267e-05,2.1769414010437083,5230
53,0.08207149463686003,1.7998510093317348,0.2312094649167623,0.024391690710720077,-16.04780956267365,0.08693727913042963,1.2758548975521176,0.05686340196103619,0.05685781686385012,6.462252369548282,12.189687172551434,4.1883337e-05,1.6961759923699051,5.5362398e-05,2.2061888802639245,5335
54,0.08233930764420044,1.8351990482710365,0.12425388865095692,0.04046031890466677,-15.93284090811925,0.08222330334829223,1.1822399931278627,0.08781962284711817,0.047112956220420006,6.469525150683708,1.6322085424385095,4.3070897e-05,2.1695002784116917,4.059137e-05,2.1830361765499644,5440
55,0.08201000645234126,1.8233537884022888,0.15127373776444275,0.03437711303566781,-15.894052994132734,0.08702453478757181,1.196347902969851,0.06855002497207668,0.048798474993275116,6.670228406916531,1.5779345603284434,4.6501347e-05,1.022230466531263,5.0941075e-05,2.180795117066557,5531
56,0.08149333054746616,1.8598342411590147,0.17541620913189615,0.03069194996736826,-15.967621284974246,0.08351061495477187,1.1103684779334764,0.05455729232716863,0.054551346796057984,6.817124425482636,1.857969557042631,5.3799275e-05,2.052326022892201,3.9191385e-05,2.1660797680085175,5636
57,0.07969166843371292,1.7688005186950226,0.10019380709396353,0.04241273599615027,-15.916204681532035,0.0827546892158934,0.9805250966950885,0.10397812064337812,0.03773544869600979,6.855835909408366,1.7729310570043755,5.7968387e-05,1.4630616421904348,4.3887492e-05,2.022395792169449,5741
58,0.08130037551788659,1.7956753699691124,0.10514083163804175,0.03939844596837028,-15.840598681464428,0.08229983853603336,1.0051157406575264,0.11423971292028973,0.03484949346841183,7.038457505919748,1.1126670967250152,7.748692e-05,2.18733626993796,4.08709e-05,2.057840539602434,5830
59,0.07638409820493836,1.7213483741160664,0.08171900533371385,0.08171797887179101,-15.898565281057406,0.0810572373491283,1.0514272186469025,0.05350364281455025,0.05349963767687756,7.110494833858101,4.19351260820967,6.709505e-05,2.8195428840745196,5.419563e-05,2.017062076680732,5935
60,0.0874658554038494,1.727209420347666,0.15423439328593694,0.024644570014509985,-15.943951366713588,0.07982112113783774,1.024734034360801,0.059726063107345774,0.05971491047733467,7.035998583658653,6.931731006849579,4.090649e-05,2.0881336733421025,4.9092945e-05,2.008315767730534,6041
61,0.08359952234462818,1.7008746265468433,0.18515890596737922,0.027336722545978753,-16.0233802406551,0.08131531510994153,1.1820100605422341,0.06193039757808619,0.061925360471270424,6.75002002150225,0.7124830597288263,0.00011342576,1.356602987320769,4.441823e-05,2.071261035807394,6131
62,0.08592759881328027,1.8223431850339187,0.12316815288966118,0.04810976665458146,-15.951457252175189,0.08277286864497109,1.1711468706972927,0.062202017272092326,0.06220194570311126,6.5258627713808135,0.8802732247497038,8.9550645e-05,0.8309175078804654,7.122427e-05,2.1662224439756015,6236
63,0.08731746469376263,1.7752752566726315,0.11839178555665672,0.042010507146369794,-15.926632953517938,0.08716765190224318,1.2548238617567797,0.13085554155657103,0.0238107991224481,6.466443722976582,8.409092203807031,4.785606e-05,2.0452305390217504,4.5909885e-05,2.173979107762601,6341
64,0.08696794353824759,1.6983697624508092,0.15470957000216654,0.02574333545007252,-15.914171412033298,0.07967615102283561,1.2762130809880103,0.10214250432075865,0.04438868215925738,6.427287890776941,7.704422899865654,5.2458097e-05,1.9843017888872436,4.6921607e-05,2.1244245522239966,6431
65,0.08262798019327706,1.7387334070684053,0.1830562098683698,0.02932172628695401,-15.924809812790704,0.0809619538860279,1.1875323125469597,0.06245570549626314,0.06244660115376254,6.6936846340461384,13.685234799902052,2.738613e-05,3.0422715713379733,3.8382477e-05,2.1055704343951156,6536
66,0.09794431162304187,1.7767071218966248,0.16994125480339192,0.013645562809008653,-15.935539556181457,0.07655903270976441,1.2157553592945562,0.06318043963280927,0.06317544844934964,6.772192727714801,1.8191881584645608,8.1369966e-05,1.8855800830713303,3.981936e-05,2.1528467875470434,6641
67,0.08587856274756828,1.7333955771495335,0.1742602303964652,0.02669864080698685,-15.808866781515714,0.08255162076472189,1.1485523441228065,0.05696168619529693,0.05696041865592714,6.932596177755979,1.0276417029293785,6.632937e-05,1.183024685050639,4.7202215e-05,2.079382772380198,6731
68,0.08038627552873656,1.6812525201749655,0.13168300653183965,0.03818548731572003,-15.849443310433083,0.08221110850861846,1.1132907555847262,0.05710975546415785,0.05710865591054695,7.0122246165579325,0.7331684411023242,9.423098e-05,1.5561052325583946,4.2285803e-05,2.016439025377431,6836
69,0.08837075017543959,1.5449414713473222,0.34612413948752746,0.0179707715316069,-15.996408868876262,0.07521382834328148,1.2473818404371684,0.056271706201765255,0.05627151671985075,7.0945148825330095,4.1575208452043135,5.315346e-05,4.6073554034416935,4.153836e-05,1.9856499202380178,6941
70,0.08727814924148085,1.5797725155421614,0.2977699389806965,0.01704886029901234,-15.952559596667616,0.07940880656525433,1.1297882367859289,0.06086010839379877,0.060855938791418394,7.007272985905407,3.9611786049978166,6.0381626e-05,2.0746084437506536,4.8490318e-05,1.9421901711321337,7031
71,0.08634136910731476,1.7816966375902503,0.21979601905404855,0.022911597234252554,-15.992014895674227,0.08609235315865003,1.1639518570743994,0.055491220434661974,0.055465901402240586,6.742384073039,2.1110914031073604,7.71217e-05,3.211552239779379,4.557217e-05,2.128198025087738,7135
72,0.0815534405412514,1.9683888413259154,0.14465679980205506,0.03125918374125188,-15.9283491998908,0.08124793106144615,1.099918658352395,0.06606392126108115,0.06604339246386633,6.50339537464063,0.4705508214608942,0.00013543187,1.2554563455485124,5.7960104e-05,2.2548560232635944,7240
73,0.0819229594515536,1.8037479796474178,0.14366361575869277,0.040763880244582704,-15.979684360911094,0.0815169650810979,1.2590638057206507,0.0657626238215282,0.06575678012569164,6.450127463358234,1.6615639020274975,6.93881e-05,1.6556828588502752,4.5016914e-05,2.1997155363723535,7330
74,0.08250179167411625,1.943497599436578,0.15673591676550636,0.03402201904416074,-16.024880503124347,0.08153037198136576,1.11126800021113,0.06385981340220648,0.06385319357352075,6.47216540362515,1.7748509664020544,5.4041222e-05,0.9476779641689492,5.926727e-05,2.2387718703139416,7435
75,0.08174973767094433,1.8231814495870355,0.13533226058430592,0.03877855547282783,-15.969085662272622,0.08243924601981975,1.1069460515406946,0.06098038170298553,0.06095939025949046,6.643435893901514,1.7416495294731993,4.486845e-05,0.9616650113077558,5.2679043e-05,2.132913537661529,7540
76,0.08250778946013541,1.620909839931197,0.15138228559447556,0.03094125758135856,-15.826500613544324,0.0757167607108192,1.2250518398597128,0.0673594107593335,0.067357564564827,6.792489230720933,4.358739464827526,4.477045e-05,1.394424288715941,4.9261664e-05,2.0317728021433514,7630
77,0.0868841878416257,1.8512538835091925,0.14204033937984137,0.03012472650770931,-15.854351894606058,0.08089328886953032,1.0396877493231427,0.0589480948325121,0.05892115347705733,6.87964356463089,2.1631890842354142,6.869683e-05,1.8394129745790946,4.8880836e-05,2.123226685330723,7735
78,0.08547892774578582,1.7807171525468082,0.154013317299804,0.027903430763023346,-15.887199753598033,0.08046441208103672,1.1436200729880373,0.059737639663153645,0.05973455190518927,7.042215927172219,1.3617680471421902,6.57218e-05,1.2646862539238608,4.7760925e-05,2.116322387708351,7840
79,0.07945901079551884,1.764253795854653,0.1137248752191735,0.040748275996797347,-15.879616043924116,0.08055938028737945,0.9950103791327288,0.05871418441165939,0.05871118465353759,7.0786355045810785,0.6536749800021523,0.00010392438,0.7715433002376987,7.429543e-05,2.025496756543789,7930
80,0.08311366529479469,1.6990550134245075,0.18340184512556795,0.02667800342802514,-16.016056989139052,0.08108830804948605,1.0786726590227476,0.05648763077182422,0.056485176046003026,7.016519925068183,3.707977022015515,5.321895e-05,2.552717768622617,3.7797272e-05,2.012541339691227,8035
81,0.08222782296386537,1.816885753510341,0.17593632689309693,0.02935093141295957,-16.012538592424697,0.08696199665788151,1.0726033203226017,0.055110615851621164,0.055100841673448316,6.792843405555744,2.159837927551076,5.4474553e-05,1.4518760692814099,4.9045844e-05,2.1098700727949837,8140
82,0.08282841919874763,1.6818472252194825,0.21318676552115617,0.024107620292958168,-15.944746175012487,0.07969162695091427,1.2831338424225034,0.06390668529294494,0.06389187233819389,6.580477936034115,1.150553625562754,0.00011498816,2.231183749718011,4.1129733e-05,2.115429636397394,8230
83,0.08826302326060692,1.692511580324907,0.2494849941729608,0.018263413119946163,-15.961568666468962,0.08114005007592245,1.3349513271402491,0.06582497119326673,0.06582303075865367,6.490583179668562,0.28932038153111245,0.00031198232,0.6467242609443163,9.384256e-05,2.1556183556853066,8334
84,0.08170034561911502,1.7941416243126236,0.15685333086752562,0.033677634523487404,-15.959588925891389,0.08206227835540193,1.190990371046499,0.06356647289776914,0.06355221378140502,6.481450362936821,4.472589358165256,3.762047e-05,0.8269571996808376,5.76794e-05,2.1534628466766303,8439
85,0.08306731405267322,1.79561313307317,0.17747781566550486,0.029806660384692686,-15.897520634331798,0.08292381273961683,1.1404395871532675,0.06229134511004873,0.062275180568361,6.646578570769082,3.697487872334636,4.5038763e-05,2.0107739537326417,3.966391e-05,2.1271645389135183,8544
86,0.08186336700618571,1.8693044687109632,0.1388935095967779,0.03357256201726889,-15.916408895311728,0.08057906403370564,1.0697480481579364,0.06274150490146993,0.06272431879484017,6.827858347186756,2.662258682101774,4.8432317e-05,0.6835514491441915,6.577614e-05,2.153754880036373,8634
87,0.08132178282238411,1.8869432935964716,0.11888420200518665,0.03788761451598544,-15.890822293028968,0.08351873505416717,1.031494889291669,0.05918722104919908,0.05918014347522532,6.873645078881941,1.6394556614612585,5.943131e-05,3.36477808924196,3.1409218e-05,2.1504735989738477,8739
88,0.08174428073330942,1.7420452718576227,0.15307930228065791,0.03015698310335965,-15.950049242720826,0.08322196587414689,1.1357045573641844,0.06015189023369126,0.0601480642646391,7.002898925778176,2.433235600233,4.895701e-05,1.633545715526845,5.306737e-05,2.07955441641215,8844
89,0.08323252916786765,1.7163444672339803,0.09230182851473714,0.049474440209979806,-15.908848546994065,0.08068878063770497,1.040300488318066,0.1005679437179797,0.03578488015611538,7.092220158570771,3.996110902037138,4.7217127e-05,1.1296463921715783,5.685735e-05,2.0070035964590356,8934
90,0.08795744156510955,1.6993911925179617,0.14744972372232468,0.0301279990820345,-15.935924430154923,0.08155070170393686,1.0887813029270441,0.056731063645442,0.05673009184563573,6.960385236703898,4.22842598531831,3.3705426e-05,1.5909919044550775,4.4067143e-05,2.0182604269050937,9039
91,0.08317894735305366,1.7047458885296136,0.1338985830861316,0.03628031944829215,-15.920975738994345,0.08259156309818774,1.096752064141873,0.08832864403875018,0.047395865235940714,6.763978862610882,1.1082647518763953,6.6540626e-05,2.3201000402824006,3.955267e-05,2.0270726762151576,9144
92,0.08220484564887198,1.845175886882765,0.19239908397488106,0.03058062783415857,-15.988992767758646,0.08311325248433232,1.176255851390921,0.05944178781745597,0.05944108510145699,6.5525143854949235,1.7484851628048632,6.53066e-05,4.417130231235424,3.482469e-05,2.1882074585068434,9234
93,0.08042125079145993,1.8986307790221304,0.08668754430799175,0.055153692163529465,-15.875463915105088,0.08702255308981496,1.1027738000431964,0.14609920052972045,0.027601229328408864,6.450463106113319,3.0653384070169376,5.1609124e-05,1.43987951772559,4.6280584e-05,2.1956568240760883,9339
94,0.0806107234062016,1.8968940992180425,0.16145995026372548,0.026451285408451247,-15.936600843505085,0.08257572678155715,1.0719162432138105,0.06671767935877178,0.06668497172792694,6.532742434041776,0.45173797900308427,0.00015873536,0.7224852736666565,7.333374e-05,2.178809687906183,9444
95,0.0823300510359131,1.7582939270489306,0.15450765100973227,0.031044685855781722,-15.88043700377051,0.0813425060920677,1.1195545358092744,0.083958383171406,0.046442651782346724,6.678689947018699,7.556163667725393,3.750004e-05,1.082104802834191,5.1868705e-05,2.0844663327931854,9534
96,0.08085634961901123,1.8875667328064625,0.25309651990031434,0.022082516117299812,-15.994192962523263,0.08171857066637839,1.0966131311145169,0.05989431423282579,0.059892533712197556,6.788859067260373,2.6460989272228974,5.747719e-05,2.1928787514839874,5.441398e-05,2.1829953115227823,9639
97,0.08640301811799946,1.6869074061737772,0.17210333295144764,0.024443025723168133,-15.941601938812514,0.08162552381851819,1.2801130622360934,0.06171331490094169,0.061711380225019756,6.9113926680476085,4.668175159011077,4.398985e-05,1.3822597603064852,4.640924e-05,2.117627457583465,9744
98,0.08240206869536701,1.6918179636186195,0.1729499159331751,0.028611770553631045,-15.874954259459427,0.08186582148799307,1.1502969522825721,0.05950269160608274,0.05949408532941992,7.036349816662126,2.1322256333277383,5.1115163e-05,1.8673857848875017,4.2870375e-05,2.0458326178974726,9834
99,0.08047814027231977,1.7389440422045506,0.1358832493797046,0.03706126325438547,-15.890419561663032,0.07993950903901559,1.069113531048084,0.05818908327991275,0.058187016687071075,7.11764695382296,1.2539203783431563,5.9369915e-05,1.4276844342373929,4.7304275e-05,2.041305984949048,9939
100,0.08080672895793195,1.809808636197764,0.14944256245761278,0.032126523814679106,-15.974059391377756,0.08242407554062604,0.9954265178868671,0.05832439961636081,0.05832223088174264,7.0790965356056486,1.6184942692299271,4.1162177e-05,2.752928036320076,3.152529e-05,2.0654978218745197,10044
101,0.08235976107653181,1.660560729043828,0.0656942692873017,0.06565582013837065,-15.905079649457994,0.08182856651375886,1.1504827520082987,0.13604947159142708,0.02930323508269186,6.781817406078907,1.160131600327302,0.00010046897,1.4482799700099993,5.2621068e-05,2.0201664529219263,10134
102,0.08290778086543873,1.825023745098328,0.173283148546539,0.029938660346570733,-15.985250661001915,0.08219064757386779,1.1404491429870935,0.06260407475297407,0.06259842875308216,6.512284133562831,1.2706165536021246,7.191902e-05,1.4289143584202428,4.2538246e-05,2.1520538835988106,10239
103,0.07984573093908369,1.8543674350268344,0.10557817587393278,0.05479500879224447,-15.919311235533355,0.08538589509979451,1.1192530428197962,0.07221120120588975,0.05063522723333426,6.455625494539282,0.464523234033928,0.00010125893,1.175765597174588,6.107819e-05,2.165965363977313,10344
104,0.08139892724361186,1.5378608297946723,0.09360161477024737,0.04847694261364577,-15.85964890280675,0.08145822041235935,1.2752995903210096,0.13167786003458917,0.036116279271555904,6.452586731569215,1.2887833108517863,0.000110333836,2.1371969606468957,5.534338e-05,1.997850088692766,10434
105,0.07931892075323106,1.611221278849069,0.07707193921147232,0.07706095352175184,-15.844593278066206,0.08887547397489136,1.2974462862884681,0.1330160611761617,0.022887545534689042,6.611756721112118,3.1955528081727698,9.008405e-05,4.389805297652726,4.1066924e-05,2.0686712825434026,10539
106,0.08574557598080744,1.7536945288863943,0.16837539485738587,0.027422078289655195,-15.925596355033042,0.08053823943326202,1.2380957720935228,0.06108692817246308,0.061082739477932614,6.829340961334371,1.0017448856702251,8.3618994e-05,1.0784148707483763,5.7483965e-05,2.146701106703476,10644
107,0.08141045309811461,1.8681523685662642,0.15248465455710566,0.029497632543642474,-15.933057007237895,0.08570174693300128,1.0225543588284365,0.05715447565992812,0.05714863818901004,6.8769891013338045,4.569464810237681,4.325758e-05,2.3914884555145086,4.2801687e-05,2.129697323315869,10734
108,0.08180043999284785,1.8185470755249886,0.1439945298795663,0.033918148634103494,-15.898925807871038,0.08740943418290117,1.0685488835101173,0.055357502605027545,0.05535483810859304,6.965956193427484,0.48969254645397536,9.3517636e-05,1.550498128834926,4.5396067e-05,2.109243983599623,10839
109,0.08229476418492854,1.715269323117272,0.1666199300056352,0.02850136288219612,-15.851359156240902,0.0828043220132769,1.0148096085126845,0.057296275229234916,0.05729084559059743,7.072239495572431,6.562125968504319,6.058778e-05,2.5611676464608655,3.854571e-05,1.992984543933257,10944
110,0.08736628116008441,1.7879966690615623,0.19725911963074955,0.01924664890745155,-15.958629660843746,0.07830679269175092,1.012077891749567,0.059652495891351236,0.059645903550920566,7.024757319867882,0.22635356103380358,0.00027577998,0.8778883275827827,7.676072e-05,2.054564125926346,11034
111,0.07840249673780911,1.8448090830902384,0.12120129704657293,0.042748355583000164,-15.935733464831799,0.08827643494629275,0.9894203888184419,0.09889331508326511,0.03379933457699824,6.768035075009509,10.729265497077005,4.022348e-05,2.8864192737599557,4.1193576e-05,2.0933879857450894,11139
112,0.0879741703839869,1.699152256462807,0.23427275658042288,0.019940200474366315,-16.040402350153947,0.08304892757176377,1.190440086934114,0.06469524386161678,0.06467435512148904,6.554959261911059,7.1908313251210085,5.5102126e-05,2.476207995678667,4.1938318e-05,2.0746725021608468,11244
113,0.08195702882180904,1.7765755902531777,0.12616445020994874,0.04498535086504126,-15.934139829230798,0.08505804519097694,1.2157205329950358,0.06266908207389864,0.0626433183808505,6.454557071261293,5.422434611931135,3.5222703e-05,0.956919697371769,5.4759967e-05,2.152718570140826,11334
114,0.08869924010376155,1.7846225803165394,0.1346891153401974,0.028064651525985272,-15.928204864283057,0.08131875296051518,1.2144833749192097,0.10510879183455522,0.039716764575861305,6.560376867935784,2.0915619603438906,8.543358e-05,2.507086052340299,3.7871334e-05,2.158668020361356,11438
115,0.08656699152762391,1.6052459005283417,0.10199851344043039,0.04254058314447183,-15.921593341776852,0.07952750647026667,1.269867463358088,0.11876367280017347,0.037115168240178,6.623871750325346,1.5409583666324829,7.894585e-05,1.1404611694885907,5.9643426e-05,2.04679695516154,11543
116,0.08056458151975246,1.8303986818767857,0.14249441254076872,0.035967000969436794,-15.972978578563998,0.08213165340119123,1.1253824897454645,0.06157757470552081,0.061562072729647435,6.78475741711993,4.160558667689521,4.184539e-05,1.380726136421999,4.4593726e-05,2.1486845005356123,11633
117,0.08263003003056149,1.8155777545950784,0.14321898235461797,0.03288371590013796,-15.873591918700335,0.08012349662301256,1.1265063592644289,0.09605987827403625,0.04384213839321207,6.890026110085765,6.087643063711939,4.629728e-05,1.5082643201103672,5.1906834e-05,2.136665430160676,11738
118,0.0832197568016133,1.7393794302854888,0.14446685978612595,0.031107840424516586,-15.89682749537134,0.08158279440942864,0.9946388200690033,0.061208152660412275,0.06117117511748341,7.028388270414757,1.7691959108700712,6.408078e-05,1.0012886056437746,5.8335976e-05,2.003683404355222,11843
119,0.08192690867953437,1.6766799381412536,0.19150054548967885,0.02452543069574778,-15.893007365529472,0.0825937700426071,1.05844429199361,0.059514750708556254,0.059497598876411734,7.086303133670853,1.3362288965449582,7.7200624e-05,2.004148730803183,4.6216715e-05,1.9828161624868836,11933
120,0.08234114366154321,1.662638544229438,0.1816266797945679,0.023517549972382087,-15.902598912929596,0.0805573477823049,1.0628815858259864,0.05906896779267754,0.05906430404360503,7.023064825385749,4.519018096592285,5.39224e-05,1.6119908375987766,4.8894297e-05,1.9733434050477248,12038
121,0.0833503882129463,1.7831911596847863,0.2377315905394592,0.026904944598299636,-15.93272152658774,0.08290127893481969,1.174939731850641,0.055489414125283874,0.055482449878787976,6.801032113645967,1.362053591441003,7.7492274e-05,1.9692748099383846,5.3475764e-05,2.1354751427865484,12143
122,0.08321786672461032,1.7293853485697326,0.0819045039399923,0.05810775009976151,-15.914252436962112,0.08504809976575291,1.2460155664148649,0.11843297085951786,0.030530420775537876,6.494174242231583,2.70815686476928,7.534567e-05,2.2024256758663294,4.464284e-05,2.1315084976597705,12233
123,0.08118553393890607,1.8991743630054,0.18270301567821276,0.028671946526022576,-15.923455794591636,0.08263451079438859,1.1720916885914174,0.06273450002287549,0.06273123705103596,6.486646585121304,1.8788899837566728,7.840073e-05,1.1379489520329753,6.108755e-05,2.2317397221813406,12338
124,0.08265075343213793,1.6996049769601829,0.22299190690470716,0.020826037188419584,-16.029246527956754,0.07994875305782757,1.2886832417812526,0.06554948179419665,0.06553454000657338,6.52007968187925,2.0313686155148134,0.00010889489,1.7106277026918721,5.655201e-05,2.1329232464755177,12443
125,0.08231533253282637,1.7501399162819342,0.1018667222662736,0.04064807025390635,-15.850420733996575,0.07987306497667511,1.1523540433585029,0.12589378572630483,0.03769028231165009,6.641270965760542,3.366560309289731,8.1083e-05,2.4359005968667136,4.4930686e-05,2.0954497292485987,12533
126,0.08657537986435151,1.7272182129250737,0.1847096892484931,0.023128744458917036,-15.912671757613603,0.08225992820555807,1.2793542867137708,0.05934817278724184,0.05934012045379131,6.764805956059157,5.259554128145109,6.523386e-05,2.9895206360357136,4.8843434e-05,2.1494255386016485,12637
127,0.08105841941699732,1.7763622234391172,0.11520355684674921,0.04155366606971631,-15.931339606568212,0.08261863502342918,1.1258832632890476,0.09033901246666132,0.04280659312432571,6.829488426253719,1.5605669234074535,7.840138e-05,3.624733691108808,3.145986e-05,2.1031109983583747,12742
128,0.07997362428436514,1.6910064323475116,0.06792396629982149,0.0679087299518633,-15.879830553545176,0.08914612635662755,1.140523076356032,0.12030988056847443,0.02984967359530664,6.96797800968857,12.972479538907496,3.5644633e-05,1.8206486969221585,5.2923828e-05,2.039680279343134,12833
129,0.08233268493616731,1.7675146598404463,0.1868615302663126,0.024612325478235702,-15.931208807528144,0.08142110793470522,1.0343333738509803,0.06037988468127635,0.06037936961189723,7.08358058294997,4.9321198489811175,4.9934955e-05,2.63901148709807,3.9258557e-05,2.0479144515855245,12938
130,0.07546884361973559,1.6439015635713727,0.16279876862833662,0.03746530772745787,-15.985404441701434,0.08821961295259215,1.0324472960037159,0.05567072380186211,0.055665379302447686,7.06423503549022,2.718017226497745,5.7214478e-05,2.7577810462842445,3.842861e-05,1.9412263571613149,13043
131,0.08637128396959416,1.8537931158106349,0.1712917636574985,0.02597989540228515,-15.940779991324375,0.0830042402242598,1.078323111389761,0.059510047552943604,0.059507709037778946,6.767721699986943,1.5744730429359302,6.361216e-05,1.7344239330721107,4.5334105e-05,2.1446047768258367,13133
132,0.08075597150222501,1.781682734971661,0.06688120358879307,0.06687732975863478,-15.890759110601275,0.08588909559785707,1.1902254318707575,0.1447297371173701,0.027964972458025206,6.50729063610425,0.5348768627196712,0.00011728202,0.9590130634538777,6.91948e-05,2.1426688840714583,13238
133,0.08618651376168233,1.8014322225646953,0.22190414512271275,0.026231081905247488,-16.02111717827567,0.08303680096853999,1.2679049719933206,0.060566555362544496,0.060559132125501194,6.44620870245201,0.7611572987482135,9.393205e-05,1.2605233127596656,5.1502546e-05,2.2028937946482485,13343
134,0.08282942826073862,1.843608034282393,0.18262012220759408,0.03048576876958776,-15.970186275271477,0.08263544173473886,1.1821245645969447,0.06170307333469164,0.061686451273482164,6.5925859152306945,1.488222318096429,6.349182e-05,2.482840394384543,3.889409e-05,2.1900477324236807,13433
135,0.07536299662432772,1.813769533335743,0.07999940402857929,0.07370846246577936,-15.880364938051097,0.0849590853043809,1.150186397930394,0.08181674096302835,0.04573427119921636,6.664350148532479,0.697372899670642,9.611288e-05,1.4779070893158488,6.174953e-05,2.1477170833331503,13538
136,0.08634602512862995,1.5783150315431567,0.11646133044361379,0.041645749853623806,-15.890920334331808,0.0747099363785909,1.2860679471783292,0.08127303459128377,0.05580041752525182,6.760731384594319,5.812250409377297,7.24412e-05,2.8052833583574976,5.314335e-05,2.0359393663747842,13643
137,0.08026640962950735,1.8375324421163903,0.15365886159466674,0.030756009344673523,-15.891587457371681,0.0817110039052929,1.039315494705898,0.06049015438953993,0.0604830061380055,6.899446908390227,3.314241336507186,6.2748855e-05,2.861177099406537,4.1274343e-05,2.111090280723681,13732
138,0.0832507626486057,1.706468431896272,0.16796043542938033,0.026471429493861318,-15.897195520162791,0.08186418554665184,1.0496711312364173,0.061037131391340364,0.0610330260482465,6.9796053564140985,5.785190006928229,3.928395e-05,1.232402680512551,4.8712776e-05,2.003458008746293,13837
139,0.07921073873133519,1.7997644319775767,0.19468556781607357,0.029001311785380703,-15.950854782534059,0.08222081927934584,1.0083970280758567,0.05551550217925889,0.055500691679603954,7.096140310888106,6.240490238792037,5.004726e-05,1.281861151417448,6.182442e-05,2.063011530952697,13942
140,0.08103360227964868,1.5667970169873653,0.13320419197926614,0.031052197656026632,-15.912368987596517,0.08036332329908955,1.0413874375382106,0.06809720176710657,0.06792057568217658,7.061618964587153,6.139526008544254,5.3572614e-05,1.4640489080518884,5.7658894e-05,1.8813135537445391,14032
141,0.08204297018517491,1.6454498521627139,0.15367799648282324,0.02799171842003443,-15.892666451350866,0.08258837197164738,1.192100934587294,0.08606969908233042,0.0506648493158188,6.783983081392644,0.9393163889041575,9.098391e-05,1.2302738039313967,4.8000453e-05,2.031898091496273,14137
142,0.0806991749494461,1.8288765166167509,0.12371254645957934,0.03935958752544166,-15.93062181179079,0.08279735392561047,1.1000154311775363,0.06216066919797042,0.06211776443758535,6.545861205374305,5.663315386845032,5.2995314e-05,2.3962887917326876,4.2167714e-05,2.134203191324791,14242
143,0.0817293951879532,1.8550662197412362,0.16942785853282336,0.027920667740368027,-15.915925876214105,0.08214648280141551,1.201139736849918,0.08079954050948805,0.05191529259603466,6.423206928352861,3.7733854989446143,4.2849384e-05,1.5310455195430532,4.5474935e-05,2.20997903769808,14332
144,0.08665738514969941,1.6675644324228605,0.1919767368155725,0.0226200851037225,-15.964126699974,0.08061077607230556,1.229523384300229,0.06449003004768658,0.06448006891389872,6.512324030267154,5.159239264460372,5.2427342e-05,2.1356261033643804,4.288435e-05,2.0718346673474852,14437
145,0.08665792798363736,1.629305419473079,0.19766689893529116,0.021040998778497386,-15.964298424133542,0.08190855467040134,1.2153179133692147,0.0676444760017036,0.06762008210682297,6.619115479721738,6.881274143675704,5.3555963e-05,2.037905348066705,4.757196e-05,2.032642068953717,14542
146,0.08098950900363183,1.7661041043021493,0.16494411252512878,0.027192550964237068,-15.901060711890525,0.08340909036595824,1.0559610387007616,0.06190663033956871,0.061887558163363526,6.792868515663327,0.5349900083927224,0.00013702788,0.6216110240078416,7.4895106e-05,2.0577116956675168,14632
147,0.08636846930239121,1.6955095453456321,0.22732961913726482,0.018161188828344325,-16.027288589649437,0.08513037818932179,1.150279733398834,0.05992110600066679,0.05991834603290307,6.95234022370937,3.029310879556137,4.8799455e-05,2.1860976100070024,4.103092e-05,2.0488767858088113,14737
148,0.08123996808021793,1.5876954033195643,0.16850626030441362,0.032964853219816105,-15.92703612515409,0.08129009349650523,1.2258029258776582,0.057815561050807075,0.057808599935005256,6.992774532755814,0.2528086343001331,0.00029004595,0.7607178577825768,8.094972e-05,2.0058338681985357,14842
149,0.07960750378859921,1.8275193533344731,0.10106096648049735,0.04646139771178088,-15.844575776944488,0.08614533528144293,0.9872898363735506,0.05371439277866286,0.053698576932381316,7.08162291424078,1.2972252785633143,7.536345e-05,2.3039622054179856,4.0534003e-05,2.077153871964849,14932
150,0.0795884906046313,1.706570914782402,0.2283055833509049,0.024388178359372372,-15.999695444505162,0.08186684026774234,1.107885717335613,0.05604374640527565,0.056043637241053254,6.9610087285556235,0.2459190418592105,0.00024655237,0.7246777925603434,9.517498e-05,2.034648630564376,15037
151,0.08253150398234721,1.7705889206819572,0.14611047012734735,0.03640170258684452,-15.9403190245253,0.08220138363431094,1.1182855138343426,0.06415551879237522,0.053903058356086546,6.770673108292897,2.452299329719456,4.3063905e-05,2.560024600265502,3.708359e-05,2.094169911084924,15142
152,0.08022756552439347,1.8462409996941944,0.09652728527985407,0.04957402992208086,-15.90042954273501,0.08168864451419319,1.2014398185440434,0.14571927463746218,0.028894044704454443,6.480632210552747,4.748895054279807,6.286328e-05,1.5055662939572014,5.5188983e-05,2.202739990678646,15232
153,0.08255640197271433,1.7684121868419571,0.2100385369366826,0.028461173544617004,-16.00994251641044,0.083233307472923,1.2812756418850189,0.06114644592875656,0.06114611945448385,6.452179410346238,2.7376121929809236,5.9535956e-05,1.6244499623341142,4.827648e-05,2.1837923282810157,15337
154,0.08200501172212582,1.6596496026424405,0.2204603470364711,0.0219967077561143,-15.95892445793982,0.08057504961612307,1.222220385659262,0.0649860187514109,0.0649827433882558,6.513331800397271,6.693421614259913,6.3188185e-05,1.6642228460785444,6.362535e-05,2.0611306301814754,15441
155,0.08672985296061973,1.5978858559826374,0.09330617878752356,0.05090386250002045,-15.897495795875617,0.08113612917574825,1.2963480449984663,0.10894008801341365,0.03441486705316936,6.602402635522351,4.009866288941182,6.9011076e-05,1.517120183139976,5.193447e-05,2.05760964775166,15531
156,0.07868983370942728,1.7297169749194699,0.09493672820341074,0.0651828600129025,-15.963611175864669,0.08696668186717209,1.1702828597828367,0.0571005338351437,0.057091392302867576,6.781921266185323,4.448305857446421,7.352736e-05,1.7711500027427787,5.3817508e-05,2.088416334265286,15636
157,0.08057996854143369,1.7207183487393156,0.18981248110337656,0.02892471525714655,-15.986647199785532,0.08194180159913292,1.1771125696066589,0.0606992034611569,0.060687155414675446,6.845097875990321,4.677809721153476,4.38044e-05,1.87750046596165,4.051967e-05,2.084817890659553,15741
158,0.08113750188753577,1.694852248817826,0.11671322974398306,0.04361349556620301,-15.975787023329294,0.08181029127505783,1.026500937314114,0.05673281444363886,0.056728797053202884,6.953196539248926,1.863803123376105,6.132508e-05,1.998453778961814,3.781583e-05,1.9814712512750712,15831
159,0.08295597858438515,1.7228564205571648,0.06967551309602645,0.06964010816017262,-15.843005081367368,0.08114819545312248,1.0509116991203427,0.0926019893971612,0.033036935173557214,7.071971061046362,7.233333378924123,5.650689e-05,3.4195609152030846,4.315555e-05,2.0180806835216107,15936
160,0.08251469910341777,1.6309341571344256,0.20671241951845679,0.023651112534850218,-15.986988574252184,0.08188583143569958,1.1034190187789443,0.05656343682726267,0.05656289438546486,7.021766367425741,4.700803953333235,4.397511e-05,1.4964879672347,5.435594e-05,1.9691317263989394,16041
161,0.08173008537362783,1.6934316194959524,0.21502683504269768,0.02357379787694822,-15.972122509364521,0.08181505651216701,1.1761636834795595,0.060790629626433314,0.06078325577863987,6.7562251936057915,3.7615120514363767,5.9108967e-05,1.8068015807191211,4.697726e-05,2.0618127122134275,16131
162,0.08081131346138616,1.876629375543019,0.09125876297623209,0.0527881276506913,-15.946267022764339,0.0884941105757875,1.1216257772052667,0.11706262231552285,0.03158930357791943,6.51056189439905,0.9064444517352894,7.34151e-05,1.1751299964751682,5.990421e-05,2.18627130000883,16236
163,0.08164224507057019,1.9953635713235218,0.09581881794305248,0.05246143108722075,-15.968707755093746,0.08698456591528383,1.0706779212146356,0.10352077360520372,0.033974591236510754,6.4198782589836485,2.9671537998856627,5.4011452e-05,1.8021984920294118,4.7933732e-05,2.264470576700314,16341
164,0.08095624984197933,1.8372021681196093,0.17792363327864896,0.03018618647562139,-16.04671535333924,0.08311974200512579,1.1677249815371704,0.06481594748831607,0.06480901685515983,6.4605633319258375,1.2122963760545267,6.0127564e-05,0.7900013920561936,6.8079826e-05,2.176899960735306,16431
165,0.08030822495119928,1.8662904780335787,0.17309444832744678,0.03057857977518378,-16.020907257232533,0.08680986370528322,1.1489227348737192,0.05569656388981922,0.05569601928450704,6.632165197913573,4.303076380617936,6.273689e-05,1.0085545642481006,6.6072615e-05,2.1915892861365496,16536
166,0.08253036370275338,1.8199322454856504,0.1574669672750539,0.034664606529055675,-15.925340223618457,0.08556835271367642,1.1150030549654815,0.0558845980877009,0.05587319936088995,6.7790592411390875,0.696177036290383,0.000107692904,1.232210943342406,5.0535433e-05,2.1343348356667935,16641
167,0.08320336630797584,1.6603230699692177,0.1861801814578658,0.024043275560295188,-15.905714497386082,0.08145877262726399,1.0946047414156193,0.06455955230284154,0.06455775941862194,6.8582880297294535,3.743963286378797,5.2547854e-05,0.981499926889527,6.0596238e-05,1.9886760009115518,16731
168,0.08278878882443208,1.6690146694651697,0.15698399471759528,0.031494254488441294,-15.918419168826844,0.0804548466048102,1.0472004166134226,0.06094522539775043,0.060936529505070176,6.987451649974588,1.2634886278150588,5.4717675e-05,1.751085851452181,3.657804e-05,1.970339737061925,16836
169,0.08760641151718968,1.6861892076981553,0.21062005699634498,0.01886104513415381,-15.990028882440923,0.08078849592962345,1.0381171217941796,0.05602038364172808,0.056019316164621365,7.063295641766551,2.827698879745581,8.520401e-05,2.005281603293531,4.7106027e-05,1.980131612474273,16941
170,0.08742246628873966,1.6577881795213893,0.15434238677938783,0.025737569368297228,-15.891500951091365,0.08013880645122913,1.0476544340943268,0.05950757233620611,0.059500309441169,6.990134561677776,2.0936066829673314,7.303894e-05,0.9385987241027838,5.368172e-05,1.9610817069766233,17030
171,0.0799455714044748,1.7721301141133932,0.1637347492890243,0.032021224254408856,-15.965620303627897,0.08672275220232877,1.1510384315668523,0.06887195194729813,0.046936360919200226,6.797768987813653,2.4964204325253387,5.690155e-05,1.7936872168476914,4.30099e-05,2.1131338368147503,17135
172,0.08221789155001634,1.605828398553768,0.1321301385081267,0.038308572799957114,-15.892905318579919,0.08158433117842218,1.3136456142655202,0.09485281614426606,0.046775022133761605,6.498854199449309,2.693792779172109,0.00010634138,2.1995245024773564,5.5740096e-05,2.0746926628975184,17240
173,0.08257312207481174,1.6939867941409712,0.20701955044546022,0.028783483179765205,-16.031443333183063,0.08278353583641809,1.385214753950748,0.06324762297761065,0.06324448375366047,6.396572539878145,0.2940750038944901,0.00031200968,0.6719777398775358,0.000109347195,2.1882438559920225,17330
174,0.0824163191666193,1.7452539876051434,0.13670159134596485,0.03716341046756283,-15.938857508137332,0.08493339311232526,1.286829948221197,0.08456933334402932,0.04544023961961576,6.474840262038816,3.452991964407305,4.2926506e-05,2.097454606167346,4.0307244e-05,2.168373306626565,17435
175,0.08341033401128081,1.7596174327104865,0.10949329312327287,0.045806787665251786,-15.884970096146835,0.08170392221024912,1.167559123283049,0.08369192868666524,0.04429554422532913,6.663809841038074,5.228394999537392,3.3314074e-05,1.4587045464837933,4.3362816e-05,2.1117404707634235,17540
176,0.08288360418943232,1.7926573027110042,0.10823553303931009,0.04621169419315787,-15.886680231531068,0.08017051381509961,1.1123369021846345,0.059411067814275305,0.059408791953006225,6.770588766186653,3.1619668147915205,5.613444e-05,1.624264325954646,4.0947245e-05,2.109718841202496,17630
177,0.08576019458783453,1.7723330567343818,0.16972002464980981,0.023160785476824194,-15.925347342770134,0.08225493264040672,1.083093058486812,0.06002364286397616,0.060018067166061936,6.9237117603641,3.965985447977019,4.5943503e-05,1.8899306364630883,3.682971e-05,2.077078486079848,17735
178,0.08157539785281047,1.7408139167692176,0.1357756989217685,0.02559436141090724,-15.901178122474217,0.08192085574462961,0.9307827718810525,0.09130043554281764,0.046177094615004785,7.0406338547968295,1.1011320712023736,0.000112318994,2.261997077843927,4.187656e-05,1.9740287893665482,17840
179,0.08228101120174716,1.7768046253047876,0.25907798207400906,0.02211444353259595,-16.01212043512673,0.08315423213881566,0.9599369381493551,0.05206965996040749,0.052059650307708726,7.108431814142164,0.26516831147311093,0.00027880011,1.1097061961959032,9.395738e-05,2.0195330157558815,17930
180,0.08002333762787676,1.7729415905714598,0.10429734221503072,0.030415971092928547,-15.891397796283965,0.08706243132833481,0.9713529105541734,0.06472389111058892,0.06468322444409658,7.006064343325108,7.074070513262388,5.231049e-05,3.029226070358037,4.6416033e-05,2.0215954987138556,18035
181,0.08899882024677246,1.607622989216422,0.1389556828369678,0.024706693924373926,-15.869381293579375,0.07866360552293256,1.2202084068940984,0.0650528011556169,0.06504590161394513,6.738617157000904,0.28947383031901414,0.0002790972,0.6404787833206002,8.167843e-05,2.0182567308725066,18140
182,0.08293169205261942,1.7725602812596528,0.15721986010729405,0.03041819432980449,-15.891220852260833,0.08214315132114267,1.204564364054883,0.0655748113242243,0.06557252751027648,6.519431157564385,0.8338284474598526,0.00014511295,1.0145462916550725,5.950988e-05,2.1431157826515683,18230
183,0.08644399974620873,1.861716569372394,0.2298906570560322,0.023347612217651293,-15.985933322054395,0.08007605977871302,1.3694153007619012,0.06385761173432843,0.06385595014492156,6.449437256388439,2.0879476860000734,7.469888e-05,1.4319933125461966,6.0163635e-05,2.3111224222521236,18335
184,0.08318046052498441,1.8693511642743685,0.16244648930685024,0.034639055290343314,-15.975159325845631,0.0854469054880453,1.2785982440274077,0.06127975702572674,0.061272919314841114,6.468770018429848,1.6855870853914119,6.224852e-05,0.821743512925168,5.652871e-05,2.2647929806063747,18440
185,0.08379999957557777,1.5580491521989075,0.12406582281179372,0.03557187112464786,-15.935251990468212,0.07575508089296927,1.2338098906774941,0.07374800045412033,0.06686411579161673,6.602941579677857,6.113537886651868,5.6474142e-05,4.083900909805456,4.228701e-05,1.987411383433572,18530
186,0.07415317289459455,1.817010545484026,0.11227953349376063,0.05307651666722616,-15.873825460151359,0.087509075748411,1.053417336439211,0.05596781959604411,0.0559119441873952,6.8152456947997155,3.312413624568414,4.172122e-05,2.5012659374730624,3.56558e-05,2.1002893627095385,18634
187,0.08569442053813553,1.8093443456026046,0.17965401765189037,0.028210564399360483,-15.90238298372499,0.08137977932568323,1.071777138069935,0.057123894194009886,0.05712166243783822,6.87010307913247,1.470342702503122,9.449047e-05,1.6888696962253988,4.7208465e-05,2.102958200881201,18739
188,0.0785076039155188,1.6991007606215143,0.0776800274909403,0.06519810008622079,-15.796023281532626,0.08127246714729862,1.0205244161597433,0.09387685102883782,0.03907681110337122,6.990699430575619,2.406409568995654,4.6533496e-05,2.069129012042738,4.6544734e-05,1.9820225727076857,18844
189,0.08482509277272784,1.5711908355281148,0.11637757244341417,0.03807894169782168,-15.859647904338251,0.07354907020951448,1.1002130549900635,0.0638921664505365,0.0638863487512396,7.034927133496247,1.3295433489624804,8.677646e-05,1.1549609473193476,5.914784e-05,1.9181004686976393,18934
190,0.08194525434234427,1.7260069829708256,0.1514204497861812,0.03144502646979394,-15.938090007041623,0.08080383716288954,1.0470604995668082,0.059202637820077744,0.05918947234549343,6.9890415172614135,7.835396527564075,3.377652e-05,1.775431382742998,4.368892e-05,2.018770862435147,19039
191,0.0836742766357613,1.6787495287078658,0.17160028316888545,0.028755892726824762,-15.978637132589824,0.07577408947668776,1.2025636582978907,0.06580299968574664,0.06579372229846005,6.778482360469734,1.8560759147634223,8.3286526e-05,1.5540281295893006,4.2721673e-05,2.0650325257476423,19144
192,0.08083477192721256,1.7744489487455686,0.15696433519223602,0.03403430130953044,-15.936044107551162,0.08198679902053095,1.2377752237710462,0.06308401114499543,0.06307809094046891,6.536445739114142,3.271724288981451,4.490415e-05,1.3065661140537514,4.5813747e-05,2.1635056219676705,19234
193,0.08173364702585253,1.7769935977542815,0.11940955908604176,0.04365241281402057,-15.894981223031229,0.08201991853876066,1.299819907579998,0.09011914450924034,0.046833385440980854,6.415422509918903,3.2973211729818614,3.6947218e-05,2.69224194989696,3.716105e-05,2.201644394220143,19339
194,0.08068379727934015,1.931869602270981,0.1554763189223696,0.03253320772138995,-15.990797323114544,0.08321301243081296,1.2039833038796535,0.06062919285314297,0.060623478724613884,6.505576368862855,4.64276586881242,4.9168764e-05,2.34128892188698,4.7513236e-05,2.2763338850440205,19444
195,0.0815088523594137,1.8499453822428553,0.12588048105943583,0.04054366469595345,-15.977012302343052,0.08605131856933677,1.1221728857089341,0.08125093192712679,0.0460104414488628,6.583641231619501,0.9222690865252227,9.58188e-05,0.8286416737366741,6.255337e-05,2.1636935787449154,19534
196,0.0873907624914308,1.8729623743298958,0.20721560694651955,0.023858114592058763,-15.922054052468798,0.08205107529191831,1.0960013848185168,0.05678164556644808,0.056776458292222116,6.811035795688304,0.9295806647675497,7.138872e-05,1.7438397721605403,4.5476114e-05,2.170070757182721,19639
197,0.08792258147966095,1.6182274113884278,0.16946818845786188,0.02875025115974653,-15.967281486060118,0.08082823033194796,1.2386308601210638,0.05865051616613968,0.05864504250848787,6.9070395990873985,1.2142350696261506,7.419171e-05,1.549725245672682,4.8107526e-05,2.037858278343501,19744
198,0.08135336183144425,1.5919154548568688,0.0756411649351272,0.07563942312162263,-15.889023574802101,0.08082557003680761,1.1413283164123171,0.05603518623422085,0.05603320665306728,6.969815304330071,1.0941015882201077,9.8814955e-05,2.163327825576987,4.196477e-05,1.9587815450572137,19834
199,0.0816534492299357,1.5696888165430205,0.13778288382348222,0.03640445050760356,-15.804572049050819,0.0815442383557067,1.0598818929924452,0.06109046790151967,0.061037291211401945,7.058565788501651,4.205127290488108,5.290604e-05,3.712992895467803,3.999459e-05,1.8940096641446889,19939
200,0.0824460943493071,1.791449036305244,0.11223433072329383,0.040041371153172765,-15.876226250887814,0.08459671154233613,0.9545365164043105,0.08161595729521766,0.040257517472000466,7.0462642582734665,0.9516039853518458,7.7242716e-05,0.9379036729129461,5.617038e-05,2.0298841372916496,20044
201,0.08194502808586031,1.81190700942991,0.16544967738734712,0.028593993265185965,-15.949492329258137,0.08729598169791968,1.1634582301583838,0.05594795949997519,0.055921033107426514,6.7724019874248915,0.6419423210246915,0.000115198054,1.06862195452252,5.614406e-05,2.1532863404908595,20134
202,0.08174737627214641,1.8468565075510228,0.17611104310721287,0.028675136245502802,-16.00686466485985,0.08052049810706445,1.2524661569330018,0.06514791145757584,0.06513637980224309,6.594902370093321,3.565466271993827,4.5630233e-05,1.26314046432916,4.800283e-05,2.231490630441025,20239
203,0.08033951923133041,1.9082191946327505,0.11979627277618325,0.04497344909975859,-15.938386445480836,0.08297527962758248,1.212097911699188,0.09440012086859553,0.05074767667739964,6.474664904018255,0.4044420023963233,0.00012092695,1.5981904829230755,4.2824835e-05,2.2606374858235,20344
204,0.08358261256658078,1.6830288512747822,0.13301367453395177,0.03549984600419781,-15.90484728533113,0.08048373941208577,1.3446746702361851,0.10064860280729096,0.045638981169533535,6.450980976929189,2.5200552756775463,8.130721e-05,1.457984186065832,4.835273e-05,2.1542367750547076,20434
205,0.08645063575220967,1.848178813640121,0.0678709261040819,0.06786655128828818,-15.889578750042256,0.08148307423796171,1.15242710166607,0.12437046951799724,0.027947799120271684,6.611655364021494,6.496444800090103,5.9078702e-05,3.001030628435174,4.320731e-05,2.178038831573639,20539
206,0.08880223825646938,1.783076608829562,0.1989621574071925,0.02356901294246968,-15.990036450661362,0.08096093727115924,1.1333577359385514,0.05730839106614734,0.05730692329984683,6.789208742056547,0.33219079126010864,0.00017646803,1.2758457875434641,6.3303836e-05,2.112785353642648,20644
207,0.08194505812080265,1.7345865568093466,0.1847149682818259,0.0296097280648874,-15.974274585925,0.0804540660722686,1.1105530033521864,0.05476661367545175,0.054760557779909874,6.92494769095663,11.421100713922653,4.5050227e-05,2.4235435837406154,4.928141e-05,2.0596403803378553,20734
208,0.07937755081304074,1.8262951793755018,0.1284367767577912,0.03632680248444042,-15.925509474491811,0.08681987804645107,0.9131390622162049,0.05396685223789089,0.053961604509218795,6.942588152925094,0.9846492745490388,8.777612e-05,1.050961242051737,5.160533e-05,2.041856270444932,20839
209,0.08535097916417622,1.6670601482042178,0.1833351348621892,0.02276774122271741,-15.914260316508784,0.07908144326655234,0.9939747809393645,0.07382226982203499,0.051274123962176205,7.094004786987808,5.3214646937151695,5.5679186e-05,3.080908462867554,3.535247e-05,1.9408955157025136,20944
210,0.07476552989525578,1.8674435770738358,0.15279835373203252,0.0391949422381626,-15.929063124657732,0.08770644240322643,0.884677606980393,0.050069569497746644,0.05006488206411,7.0468415822599075,1.5162269756223339,8.902884e-05,3.6941483320388504,4.10329e-05,2.066397827584727,21034
211,0.08752553951410756,1.6357676801492371,0.11230689643105785,0.033232931238567305,-15.920611592627033,0.07540463662312952,1.2337951945377046,0.09183944064273773,0.05337691701704831,6.787719113478056,7.579475518846353,5.838372e-05,2.470452859741758,4.453004e-05,2.0488988470603298,21138
212,0.07817135234186551,1.9485199621637748,0.07496855726422917,0.07494382701560086,-15.921278361329648,0.0882013005239267,1.1725101135923852,0.09590932613333066,0.03331585309734602,6.540851736683808,0.9763926483800047,9.696664e-05,1.8984567631041764,5.5588298e-05,2.274095426631685,21243
213,0.07474505285312824,1.902676456664196,0.1407112856465317,0.0534363954765243,-15.886416877423946,0.08718125475963939,1.283973142643827,0.058269039608985565,0.05826383057282748,6.441626672101792,0.3641035894377548,0.000142996,0.8279732755448632,5.5255074e-05,2.2953789948012693,21334
214,0.08468482734267731,1.8534020038560135,0.14895119130828252,0.03615394020886413,-15.941701762178594,0.08138625280518702,1.2121188427412892,0.06331301795314724,0.06330103733580131,6.445870695237406,3.84290452448418,4.668915e-05,1.8723707902173548,3.807564e-05,2.214572436572344,21439
215,0.08165162931054412,1.7612473884825939,0.07193021484524821,0.07188735144907162,-15.914640656364172,0.08167020408955632,1.144509301700354,0.11790922723731727,0.03358231834939654,6.544394836267951,2.163528660599916,6.378082e-05,1.826139686513676,4.6323454e-05,2.100450881386039,21544
216,0.08313943748533105,1.6917072041839805,0.12522626857167612,0.04176857735271813,-15.924664340354308,0.08071764079656808,1.13270883554894,0.08100533982490203,0.04609595808284211,6.791748435552719,0.7877909773941391,9.945364e-05,1.124159394629178,5.00401e-05,2.0359033795390724,21633
217,0.08172331927106641,1.8248705475040468,0.14613828288938446,0.0345636051535685,-15.902706303837972,0.08713377120792463,1.0864747510376191,0.052604147723726645,0.05259318654426623,6.820980642189983,0.7961121069380531,0.0001098905,1.4739473495578677,5.096618e-05,2.123812585844141,21738
218,0.08092824958450126,1.718799363303761,0.1509181826673964,0.040777120815078755,-15.920916022475668,0.08720848993005771,1.0790710529398808,0.056211790274735836,0.05620171582034644,7.024804822937547,0.2685829297961469,0.00015977277,0.949593750466175,6.02364e-05,2.029449577739294,21843
219,0.07865642906281174,1.7680644955224245,0.09607777337663226,0.04892283340068919,-15.88586970998659,0.08730563006170425,0.9429564079234253,0.05345889574263149,0.05345689252835318,7.04502536704389,0.6312951321820018,9.566459e-05,2.085121892583843,4.6616417e-05,2.003801099802776,21933
220,0.08203483964022414,1.5735217780624569,0.21792581582615025,0.024022550188928297,-15.956780856455406,0.08076991504036496,1.0657839231165156,0.055929202928176915,0.05591181087390204,7.000780294419022,2.0512355040200836,8.873045e-05,1.8827156240564402,5.537591e-05,1.9004910304472544,22038
221,0.08189143097592742,1.7971800434763872,0.17341498691883606,0.030128070538822136,-15.952252192933912,0.08178308036885079,1.1406148253079902,0.057752983990714234,0.057744760627049765,6.788706752964336,0.7059366134531629,8.975526e-05,1.5858610777341242,4.0183702e-05,2.1285812853593744,22143
222,0.07888860950165558,1.8211682557993,0.148228571005277,0.03980327453600892,-15.906200377242083,0.08740314533991536,1.3440162850972757,0.06015781744997192,0.06015633046588933,6.482442667524768,1.1425843778491496,8.48013e-05,1.559133466272141,4.583621e-05,2.2634119356709563,22233
223,0.08164337782302691,1.7926146228450854,0.0913994571594421,0.051874880907845436,-15.871428569379749,0.08126022240287745,1.3197029323514102,0.10260770104275807,0.04736134909077362,6.360412650509886,1.2421741644486552,6.628514e-05,1.0197773212213643,5.8742527e-05,2.2260015758518543,22338
224,0.08116258906341416,1.8638140758954602,0.1209732439181071,0.04612246893904229,-15.896642312050437,0.08835353242956828,1.200931149935709,0.08269744266443342,0.042194626769305514,6.486184949305683,0.7231231436003936,6.181942e-05,1.9683202108761582,4.3467542e-05,2.21721413859644,22442
225,0.08177341371372818,1.7342375677713215,0.2158519868345076,0.022852598148414976,-15.957375987488916,0.08098270601214608,1.1604861298673577,0.060428935990352824,0.06042355824590571,6.647877099982443,6.143649959091271,4.0333332e-05,1.8461479804178476,4.779954e-05,2.0866978696217395,22532
226,0.07914019640775176,1.5830382535426413,0.2237290374100435,0.029284562509540632,-15.969605220771275,0.08645458573594343,1.2703541624750538,0.05639350296170928,0.05636977579641195,6.749067589645866,8.797953013957681,5.1885367e-05,1.7411734244015398,5.7465164e-05,2.029731462607069,22638
227,0.0826211454547061,1.696619520027979,0.09506740728022059,0.050120116484956706,-15.902472172648382,0.08197110164855945,1.0807315885829936,0.10664477406699922,0.037154803191487035,6.85510083848513,1.8101401580638001,6.2236555e-05,0.9324904225254915,6.0052786e-05,2.011591052451042,22743
228,0.079485507625219,1.7759255820533753,0.10424043550284381,0.042432769939899424,-15.825406972059884,0.08136929713252379,0.9781410112845673,0.09459137038485815,0.04226452985185358,6.990344744738789,5.675980316394543,6.408324e-05,1.8078266598701702,5.63303e-05,2.0274791024689787,22832
229,0.08297850217223483,1.6022959135981065,0.12538090520397754,0.03356627157530735,-15.900426257305114,0.08060850385079033,1.0437415617300896,0.07734983906575335,0.048922642345980316,7.045389057026745,3.0571636363329877,4.2284966e-05,1.259042155890931,4.0196323e-05,1.9122627022498653,22937
230,0.08042939005838083,1.6113376489922662,0.13887788919691707,0.03212084172173608,-15.913282271668216,0.08088611778917698,1.0473839464508146,0.060816636539208574,0.06080665381110959,7.0147326817333235,0.9219998974416265,8.883042e-05,0.688494669297406,6.299734e-05,1.9218278149571064,23042
231,0.08691742130964031,1.6739840472898493,0.18419434006032293,0.023632279407323004,-15.924219137788183,0.08284364091469089,1.2427497665949778,0.062208116354545186,0.06220283345143442,6.742931537201138,2.6412389947580963,5.8510577e-05,1.1876322947554079,5.175529e-05,2.0848620033356586,23132
232,0.08213567944127183,1.7125211631197468,0.06701479094090429,0.06701352894956475,-15.873996855852047,0.08291904729617437,1.2400331888658245,0.1336580953736285,0.034479880633384405,6.455206504069211,0.8174992312616247,8.243587e-05,0.7800086214221964,7.50701e-05,2.1143346574328663,23238
233,0.08158363783546668,1.8997236152012194,0.20979571519779114,0.027536172925374622,-15.977270415742446,0.08336481096958655,1.2622393017796498,0.060441120185371164,0.06043920394120201,6.405933337737457,2.4233937065757294,6.288471e-05,1.3701718851383196,5.6254063e-05,2.280832713968819,23343
234,0.0809593675499633,1.8482498356257042,0.1613768764122308,0.03488944062282442,-15.986914487463682,0.08656978809907837,1.2437988435138918,0.061891110773486475,0.06188013418597204,6.465920775682496,2.6107560493779585,9.027541e-05,1.1462187124853718,6.527369e-05,2.227793306843554,23433
235,0.0808130298694459,1.7446973125064626,0.15028405476443016,0.03284902290144818,-15.943117186833895,0.08275642579562027,1.1681504945115857,0.09951824529053435,0.04318142424991466,6.608591304769656,0.9248372747492422,7.018911e-05,0.8426828739802642,6.430351e-05,2.0996533737964787,23538
236,0.08249185070118598,1.7552988078263305,0.1598253954216845,0.029309709087219308,-15.913274454205297,0.08335109958694906,1.050024322774515,0.0608520453543728,0.06083026768249322,6.767697466304982,2.318241843562769,4.74173e-05,2.3491345922378093,3.3791108e-05,2.045391156521074,23642
237,0.08124183069571643,1.8254989509348216,0.10869646305559943,0.04196133746132431,-15.90381798113584,0.08803654208477353,0.9987150857590406,0.09183478571427345,0.036284146521515875,6.867911909929646,7.179977491305891,4.8149403e-05,1.8794131293550913,4.5580822e-05,2.0808359479754337,23732
238,0.08125592457896481,1.6612284132724913,0.16300628985683274,0.029262614183796762,-15.929840552302972,0.08323064717703361,1.1034759038889759,0.06103316303106566,0.061026981168094255,6.97564489344872,0.38982482712597566,0.00014188864,0.8563576885009544,6.340067e-05,1.9943266812454352,23837
239,0.08079579879454431,1.743326964426773,0.189721145618873,0.025716966421225857,-15.878360904805248,0.08206577360952087,0.9826238240520787,0.055951396960718554,0.05595069725629493,7.072394068727643,2.1067717507238997,6.803446e-05,0.9968702261217526,7.4467804e-05,2.001184270498896,23943
240,0.08165221775270738,1.6356840052049544,0.152527988279011,0.03092908986195107,-15.870106001944446,0.08172020945450624,0.98676260383233,0.05921246016786148,0.05921145853125285,7.054373901445636,2.3211983125099276,4.7903166e-05,1.947319322268711,4.1680723e-05,1.9102781476018829,24033
241,0.08194039254566832,1.6915187939560374,0.13977829642276385,0.035024121977535745,-15.917829209396338,0.08144270014797197,1.1557139049758973,0.0626751701271658,0.06265664821878285,6.747408940292731,1.834314597034834,5.8344383e-05,1.3568400256972353,4.54981e-05,2.048636244056305,24138
242,0.07926554238873203,1.8769106254837098,0.1502955973152561,0.040978064077131275,-15.957625676986588,0.08311995249669307,1.227359355430949,0.0600169072839437,0.060012258736153984,6.557641539536806,1.655491351911874,5.860291e-05,0.9776674052304921,6.0917824e-05,2.2425887905314976,24243
243,0.08113405291657114,1.8935719513028966,0.18502371240542106,0.027487077440205204,-15.996786037957996,0.08349490525032983,1.2205921178295176,0.06436504511807478,0.06435978206104098,6.420195388362988,1.4302285259261875,6.05515e-05,2.2651254100082414,3.994416e-05,2.252878126501433,24333
244,0.08726851759485822,1.8611134538170522,0.17680194032830024,0.023349149694036772,-15.980976637528066,0.08585999403316094,1.3024664359133793,0.05943970005668167,0.05941866285804595,6.530242717466223,3.8054272134950438,4.5583583e-05,1.1845791792281637,4.5121167e-05,2.2715990193385225,24438
245,0.0810781077250008,1.947913625224242,0.21398086334385702,0.026785576521725498,-16.032267471749435,0.08781818873575561,1.137698967636426,0.05540648359441829,0.05540071739655597,6.694957344967655,1.8850800616838073,6.612773e-05,1.3792921424748343,5.7461843e-05,2.2558205673978677,24543
246,0.07968584903722899,1.8998337245944252,0.1662512006036262,0.0323556038616924,-15.935002277753687,0.08263651649790738,1.0830190128420316,0.060122118714033945,0.06012045554881742,6.814751450451888,0.9688408519250844,0.00011170678,2.0664081974496575,4.0188e-05,2.1868466711874555,24633
247,0.08270942697164406,1.7303771803096442,0.1184147155661798,0.037102503571793344,-15.828268174740113,0.08012440802816814,1.1184546537461255,0.10988418036170278,0.03694189944169697,6.894754602265452,1.546766927512299,8.3651845e-05,0.8522702551863636,5.787415e-05,2.0603752082139604,24738
248,0.08212561279841828,1.6685779798197078,0.19449500990861787,0.022333801841337715,-15.982984823897931,0.08127507140091896,1.1006247646824194,0.060823441361366484,0.06081758134166409,6.9788961506381755,5.32344743785813,4.4875334e-05,1.4559643794635113,4.798255e-05,1.998881524095775,24843
249,0.08316180245254835,1.5899394811025582,0.1334050413620976,0.037145466066376295,-15.915322197346711,0.08023830926903545,1.1435706715436087,0.05805683255113425,0.058055616483548816,7.037091978364994,1.919854190337333,6.9287686e-05,1.4789258749006033,4.6480232e-05,1.958484473868346,24933
250,0.08338230831477177,1.6000572427541069,0.15001318442211747,0.028249613193095855,-15.928869497414611,0.07994682467773731,1.1016040023912188,0.06328119949769774,0.06327369465087017,7.020772590779922,2.3874173174103026,9.968288e-05,1.0365600267481339,6.9202244e-05,1.942605095786127,25038
251,0.080629782879513,1.8625604570428065,0.1744931886436221,0.025895237753395087,-15.978054146060325,0.08779193734114965,1.0734450554001693,0.0564143150819529,0.056413267595703656,6.835403237281448,0.9628069350250398,9.112695e-05,1.0600803113302064,6.406021e-05,2.149747832445141,25143
252,0.0836233863200905,1.7750535624049524,0.17170805359546154,0.03130186646362425,-15.979024736850471,0.07547098382173435,1.3090852603526228,0.06363567448830834,0.0636352430863445,6.590387461855849,0.22740153862298268,0.00030098017,0.5993900917918468,9.256288e-05,2.205565543863752,25233
253,0.07937923708956827,1.724762090263554,0.15699790102886377,0.03794284937325538,-15.91804183279991,0.08674616074260857,1.2511534189251172,0.059453084201674784,0.05944899314185143,6.468651220691422,16.894795829644266,4.3941e-05,5.180220785486572,3.98611e-05,2.130771960041317,25338
254,0.08376027447013916,1.786150518960138,0.14008741812861397,0.0336022354260717,-15.923350900486751,0.08168314742843383,1.246223341192029,0.06329235269312625,0.06328176859008597,6.539476423440838,2.897402721793341,3.8219154e-05,1.3368437636298378,4.250747e-05,2.177936246200378,25443
255,0.08129638328982051,1.8276550148917583,0.19377430553389074,0.026886171561261298,-15.952762936524277,0.0812697107183724,1.1446077092354299,0.05977713205360177,0.059773994138104025,6.664911940319721,4.142190555702985,4.9562233e-05,1.5161828693367225,5.5389086e-05,2.1564901255280935,25533
256,0.08090973645563034,1.718438319888765,0.08297188194098132,0.052878030709617656,-15.904216018261742,0.086373319067885,1.1457871143797445,0.1045923184925174,0.0335106098488697,6.768128972913228,0.8064460693802127,6.891361e-05,1.2708916131583878,4.2630454e-05,2.065395451418634,25638
257,0.08118773518791429,1.725041821283448,0.1732617355855241,0.0263701916705386,-15.961138160799829,0.08126845836063781,1.199658153345787,0.06121865944722078,0.061214107992872274,6.851364892533991,1.0556512620888223,8.977464e-05,0.7733566419363853,6.786936e-05,2.1011779958075754,25743
258,0.08816362149129654,1.5490346570264797,0.2108804120970356,0.01855929825278939,-15.912253979678527,0.07437671408365569,1.2126493120724342,0.0671778146389777,0.06716321787140031,6.9687082132836835,0.5711266389947361,0.00021702638,0.8759503338822605,9.156428e-05,1.9672383492446692,25833
259,0.08027372116080957,1.6749866603648227,0.11030004277810355,0.03840375338022331,-15.81573523400903,0.08092204146135915,1.035733901521667,0.0628967352405369,0.06289597661619444,7.066811928968118,1.3857206139772202,8.782924e-05,1.0268641861930348,5.9208796e-05,1.9693463451514557,25938
260,0.08104494228904033,1.6330509333783907,0.22936041568034213,0.026850677197587502,-15.908552362784292,0.0826531600758147,1.0462186455351887,0.055698795671513264,0.05569856483068293,7.069048512864184,0.2961486272941577,0.00027405127,0.5949276017083667,9.931919e-05,1.9394403330016414,26043
261,0.0820371140645572,1.7858573638723794,0.19845400662572174,0.026247524658371147,-15.996719446711857,0.08270555900702008,1.10671004636638,0.05704296573108376,0.05704189816248465,6.811722566970499,0.43580177926090174,0.00014357579,1.1215779259757452,5.4815406e-05,2.100974452682726,26133
262,0.08114752188752279,1.7478835513067619,0.13249451061517625,0.040003380960257955,-15.97302478324078,0.08286249165644531,1.202958537343841,0.08353022187355973,0.05045811334880098,6.530111407523585,2.4663034818482585,4.4684704e-05,1.4680880744056184,4.7344383e-05,2.121840274737279,26238
263,0.0954905883385984,1.853837470575676,0.19804280990208548,0.013296111570426863,-16.00629767865884,0.07452028069942716,1.228483459975519,0.06912049643122666,0.06911806019638067,6.496314000252912,4.313884512033151,6.681459e-05,3.8380564133970427,3.6245026e-05,2.22393457159689,26343
264,0.08020585372908735,1.6807883606054486,0.117141777217303,0.042708510156445785,-15.89659662837984,0.08792878260239663,1.237097800860715,0.09173166352814963,0.040007533946246995,6.510284353332092,2.380514732938577,9.500746e-05,2.599928935641554,4.5628884e-05,2.086974001285394,26433
265,0.0872294650753476,1.7704346062315084,0.17769519221824515,0.025818753616892384,-15.90462897895542,0.08335109594960438,1.1527211590607265,0.06287366539575251,0.06286043136972203,6.622505475869173,3.6838303969034945,6.933677e-05,2.246600400876698,4.734733e-05,2.1126298221620416,26538
266,0.08268252394250558,1.8037271589451558,0.1436390930894093,0.03346921098184642,-15.908684722609207,0.08174702094091885,1.066692133940229,0.062198232250501674,0.0621935280934393,6.775299383268482,3.092013297340303,4.8006423e-05,1.5630560177191102,4.4856002e-05,2.095534245133284,26643
267,0.08085039034567278,1.786458442360467,0.135101608729143,0.038914980833465285,-15.965536016121288,0.08610724491855905,1.2198650523771115,0.07572641036032064,0.045597622290398925,6.900843454863235,2.6728966276052755,4.4180142e-05,1.8520678554815344,3.5344277e-05,2.163216242610063,26733
268,0.08141937084247085,1.7153199632538347,0.15041656172395493,0.032058576504017125,-15.881063296611073,0.08140416927371993,1.1303473804007904,0.059818811151955226,0.05981440890261163,7.000324108263742,1.8403683708051726,4.7084188e-05,1.9193243963001598,3.749899e-05,2.0542657512396167,26837
269,0.08174391785825093,1.7364689737884011,0.15781399344272787,0.029735407983762816,-15.898125686547113,0.08197315194678065,1.005879198111941,0.05665299549963011,0.05664259369980703,7.0326886279298515,6.166129796658313,3.7617447e-05,2.304961736596113,4.3317137e-05,2.006767913368176,26942
270,0.08348265845704465,1.656962809165775,0.13605253458857447,0.02686844222807326,-15.864800399063427,0.07522121681534759,0.9995050936662119,0.06829395186728726,0.06828528594205922,7.041111784785872,2.6006196241508333,0.00010802472,1.9732026926123563,5.154223e-05,1.935080407430978,27032
271,0.0816547858582064,1.8174307668982776,0.1552068599689223,0.03119258304544814,-15.915374927969195,0.08341056698852808,1.0960368162014276,0.0572972754677761,0.057294154780308346,6.774678740982031,0.38605795369899715,0.00014263265,1.1719536441044311,5.136811e-05,2.1223457058022905,27137
272,0.0836645657724391,1.6424625604836072,0.22375061945332334,0.026204902159219612,-16.01963444473959,0.08127846944469112,1.2779395548453791,0.06445251941559133,0.0644429397780267,6.52818861282419,7.068215289664268,5.4130778e-05,1.822073479624698,4.94699e-05,2.0810604912949486,27242
273,0.08284943735112413,1.7923116245216881,0.12403790789961824,0.03805745144813721,-15.949608925601423,0.08160849047974793,1.2305550867963457,0.09980891540533335,0.04130631799713492,6.396780679430953,3.387272685807576,5.3323245e-05,1.9605403795351357,4.6359393e-05,2.1740852745547805,27332
274,0.08311383694885978,1.777759068739156,0.1276706766227016,0.038481359363298995,-15.937502991761203,0.0812193982991078,1.188063933053021,0.0845537511329499,0.05101967799607356,6.488066502067172,1.5411014416423778,7.0336006e-05,0.8218446513657102,6.153719e-05,2.1382056064620456,27437
275,0.08724123445503404,1.675128266900138,0.12816035999528338,0.03558423937670567,-15.891065106284366,0.08069876030832222,1.2487464488099034,0.06527852939570396,0.0652596280656625,6.632287185748736,0.28652852844448967,0.00022846214,0.7720655962397761,6.7690344e-05,2.089359328594104,27542
276,0.08253358502166465,1.7533510133997967,0.17733660894807884,0.026864706444218765,-15.897910360166444,0.08258049535044697,1.16157329298937,0.060139121727799796,0.060130051576221845,6.788018585576144,2.4756475464186325,6.4075095e-05,1.6698900560556615,5.07202e-05,2.103209996927616,27632
277,0.08156905374335428,1.8170302055913528,0.10001039408553136,0.0455478090772573,-15.824491255899055,0.08047851073465538,1.110021014924311,0.08351682818976755,0.04891859850188227,6.840262440819456,2.9618994358348427,7.324556e-05,1.4346538525973571,5.6120614e-05,2.129259359872571,27737
278,0.09136150733379876,1.9088981870013753,0.12643859023440768,0.025770442278961248,-15.914585037937245,0.07829919978578632,1.0304455732041433,0.07313831883695421,0.05037609641962101,6.97816694848022,2.665603973298304,9.669572e-05,1.2331659191037068,6.0820043e-05,2.169264937178756,27841
279,0.08069263019128982,1.7189632664335717,0.12436131238120691,0.045528165275730934,-15.813996852342749,0.08237576328171105,1.0600154353199303,0.058261714580206,0.058260163426925075,7.078863686343915,2.3342386527639145,4.694281e-05,1.3713345583347085,5.1432307e-05,2.019521585540614,27931
280,0.07534965102483852,1.6702950554726481,0.1136257662376533,0.04565284326195746,-15.819930710651114,0.0798356582519996,0.9561778461785605,0.06115159416486391,0.061129997445893675,7.050265395827074,3.4737948441690008,4.4346212e-05,1.9309631886281837,4.0850282e-05,1.9246198704832722,28036
281,0.08006308502935694,1.8542388660492874,0.1465928672075897,0.03373441663114659,-15.920351879780599,0.0866592388766466,1.0663596543054457,0.05696189493547178,0.056945279810037865,6.839891559543007,6.678585348052954,4.779489e-05,2.9400121908893735,3.798355e-05,2.1390008613130984,28141
282,0.07980035040244506,1.7776866911483709,0.11209186442089417,0.046799479382565096,-15.882493754371549,0.0822377965640446,1.2225195630211927,0.0929784374515183,0.04271713286753143,6.548644384689725,1.1789510626348751,5.638551e-05,1.7513444171837753,4.6080866e-05,2.157480950983246,28231
283,0.08298725017036551,1.7797515197456388,0.10964868893940301,0.04292063559426055,-15.865729634440207,0.0812883534760692,1.2230899672280073,0.10532544328428216,0.04631516003219565,6.406503967278284,0.7837476181186283,9.830497e-05,1.1068847981009342,5.437399e-05,2.1595056239729313,28336
284,0.08078298661617588,1.8157704294745707,0.13984975346257655,0.03503335001878365,-15.940742325533144,0.08262588180131976,1.1847268719368278,0.06419367923089743,0.06419142407859074,6.49166574551408,1.0790966090354472,0.00012325987,0.7717427397939206,7.6065924e-05,2.1680867172794285,28441
285,0.08755783818681172,1.7317069188961056,0.12394683497797038,0.03286889553305833,-15.922077337680976,0.08056298232661668,1.1945700352403776,0.1044477823994243,0.04207935694682073,6.663822393987145,3.8595028256227906,5.033449e-05,1.691894775014566,4.881643e-05,2.103760067604393,28531
286,0.08063020155709082,1.8250282364309558,0.11282408467061301,0.047645462464796125,-15.879830403173797,0.0866804576178182,1.0677839592748446,0.0589219795518612,0.058892308440207715,6.8073450255127,1.5752944414859067,5.7881123e-05,1.3738752267788428,4.914813e-05,2.1144480715910117,28636
287,0.08194051049089278,1.8807270370764897,0.14506566013421573,0.0346746681185349,-15.957126472064056,0.08246277914972891,1.110536318320361,0.054840590117172926,0.054824309579598204,6.866478529039337,1.6816571414572368,9.693945e-05,2.296999010618244,4.4132383e-05,2.1841302851018423,28741
288,0.09760972523864372,1.6278541859488747,0.07357567043921628,0.0402376642047355,-15.753768535232277,0.08028356887400288,1.296292816297511,0.1356317165358365,0.025582304008739783,6.967045827022857,6.958418992117663,5.7174202e-05,2.3058987212706357,4.6886355e-05,2.0809335203931445,28831
289,0.08225312013711612,1.747820040062982,0.13183797411756257,0.03550551742677818,-15.923681906324983,0.0817255138953797,1.0737392849743796,0.07830758739461637,0.04398345328841298,7.06908314680231,3.8772138989477036,4.395864e-05,2.5240223274174203,3.422674e-05,2.0512900683577286,28936
290,0.08130652071261532,1.7781159098284751,0.15833712975062508,0.03289072277298107,-15.913552854021864,0.08739151765739614,1.0220235123777799,0.05238480819519381,0.052384593634730935,7.0627581467936436,9.421030609024735,4.502595e-05,3.7782919832006296,3.0986947e-05,2.0509091273477136,29041
291,0.08492663140240135,1.5874500932194733,0.06838602240677158,0.06837461099719888,-15.831057182823152,0.08126476537231933,1.098837737656816,0.09995032515689048,0.04031178878043283,6.763355222839576,2.5197966590286667,5.360494e-05,2.838445334953515,3.2544267e-05,1.9306584814931054,29131
292,0.08305467188770176,1.7058876855062348,0.23020292513556134,0.02549349938327771,-15.976935613160093,0.0874148791220173,1.306752313006593,0.05910343105966125,0.05910089129702583,6.5859868895019655,7.490102348424327,5.6674176e-05,2.3505486875561346,4.979042e-05,2.1488728215299058,29236
293,0.08681817247794166,1.852372005320778,0.2377019756949152,0.019527713888513064,-15.990937496223195,0.08178758019350776,1.2687085625296908,0.06363931182171752,0.06363830637603016,6.4592991470916,8.875535777118447,5.8295784e-05,3.0216332711211766,4.9728147e-05,2.2451956401909112,29341
294,0.08720333848293518,1.852382656164982,0.22990428340282337,0.018010469856889366,-16.088514968458078,0.08254468922969721,1.2055329813397808,0.0632041182184235,0.0632038869342659,6.462174071728809,6.475824721786768,4.758329e-05,2.3828400101663503,4.291842e-05,2.2101201944597526,29431
295,0.08230153529877206,1.631093555268902,0.21889151295488823,0.02105268476946424,-15.993557715658854,0.08133642018367418,1.245345878363845,0.06652021714848967,0.06651307144056147,6.652088861080983,0.4210550924126939,0.00015802232,0.9269452852261967,6.4468295e-05,2.0521580209130006,29536
296,0.08210529149234118,1.7414012487121697,0.12357773842375185,0.04122416826358101,-15.831553928179483,0.08058985552322662,1.1107305142495492,0.08508871904351255,0.049255383627648426,6.812713540887729,5.44703753545652,4.5256973e-05,2.316131665232911,3.5389945e-05,2.065478294318624,29640
297,0.08133101252828213,1.7581644678162849,0.15237707215898377,0.026555091793106046,-15.885813082954794,0.08259458901535957,1.0787716164224026,0.06371491980354413,0.0637133738792537,6.8765226751043285,1.7584538325556978,6.66379e-05,0.9851937673995321,4.4331577e-05,2.0627385913610876,29730
298,0.08357926997632686,1.6383561975061676,0.16943284117115878,0.027079353328110834,-15.965263644642544,0.07451015895584177,1.0954696283226628,0.060235588521881295,0.06022735711957337,6.9681661682734894,8.992196189216012,4.0333212e-05,1.753258342969541,5.1032697e-05,1.9708538090087406,29835
299,0.08250518213536201,1.6966698571373817,0.1366117564545062,0.03887052291777051,-15.91419364627237,0.08243530274767531,1.0422463740082417,0.05630331659880966,0.056299340449627436,7.053932004076006,1.9458911223744113,5.880436e-05,1.1702703755304678,5.532558e-05,1.9912222649046265,29940
300,0.08086856039116287,1.7412750243658317,0.21386466183130534,0.02464827411382474,-15.984922647015548,0.08288560390599636,1.0412824592049288,0.05570710228473062,0.055696783255655906,6.998802535591534,7.815967103081202,3.4653123e-05,3.9831427045579417,4.057756e-05,2.028868618301366,30030
301,0.07540850185093735,1.8281340906787493,0.18370369968857825,0.030052781285932872,-15.914917750340512,0.08622566841984286,1.023728366566251,0.05810332244711642,0.05809778231296089,6.7931820214976995,9.895747086147518,5.5028715e-05,6.215086370078848,3.35799e-05,2.0952551209850845,30135
302,0.0810231797581321,1.8492416200124338,0.16846012742323535,0.028885199983888967,-16.008710216154714,0.0857595638272579,1.1554432976335656,0.06125921126861377,0.06125705257035142,6.5240153946393145,1.3714456123017997,6.345979e-05,1.6813962861621643,4.1464413e-05,2.1805374986990107,30240
303,0.08100436604250469,1.920192495113656,0.07609841832192434,0.07608754616719612,-15.933945069506384,0.0826560449796875,1.29216732079976,0.09235050268703526,0.04202769020080294,6.418298298504083,1.5062034126225687,7.030083e-05,1.9041536798785301,4.6614303e-05,2.3144838740491664,30330
304,0.08156824656783157,1.7426745296396033,0.1254090637175487,0.039987513928057467,-15.91079271906656,0.08189774623870728,1.2868467652529203,0.06464024047235421,0.06461608957821632,6.480014354768175,2.073944964223426,3.6457233e-05,2.3392629207508313,3.668993e-05,2.1663077144063623,30435
305,0.08133701026728188,1.7651892615921871,0.15929814455138067,0.030214244289129746,-15.943335689468016,0.08233115369408595,1.1803971876950867,0.06241849496171459,0.06241055812646401,6.608277456631932,1.4851256825007382,4.577683e-05,1.0009231325273535,5.2329615e-05,2.1234949140411996,30540
306,0.09138536373558112,1.7889836001161374,0.14350431833841593,0.021393900377356116,-15.826712228656246,0.0795329257687443,1.1689159072768887,0.06465008039167901,0.0646343441534268,6.735083091245661,10.719431365661132,4.153938e-05,1.8064109164929472,5.241051e-05,2.137013504816815,30630
307,0.08247132601493798,1.7117964611825924,0.14066001630695762,0.03634630120154337,-15.92179568611897,0.0783807921541771,1.140374680345647,0.061266437406914016,0.061266296065832344,6.844118189316561,1.3387772227224684,6.934306e-05,2.012443434455178,3.764779e-05,2.056866922309434,30735
308,0.08101855793485722,1.762296663798116,0.16755905703535665,0.027028357623076895,-15.911767518789373,0.08618347929252715,1.015484632195688,0.059188892505353974,0.059180136394743475,7.022847979483309,2.632118032030665,6.6029475e-05,1.6948484453623243,4.915461e-05,2.033936717171796,30840
309,0.08249208708065092,1.7230921849456302,0.11455837205833945,0.03846399801288853,-15.844370051880722,0.0798740964025304,1.0322245941668002,0.07778441823090752,0.04412172012202635,7.022471203244743,1.0662916540698837,0.00011254206,1.3275514655259906,5.4533437e-05,2.0086150180220006,30930
310,0.08020702882768758,1.8212284464784638,0.11725218690129315,0.04868236522081525,-15.908881571694979,0.08310322307018525,1.0098983665333205,0.051625208666303504,0.0516197689571577,7.0213697891366,0.5384159290110949,9.955588e-05,1.2499116939180135,5.5214925e-05,2.082490759880828,31035
311,0.07934270324997995,1.6882191642648288,0.16955980726927847,0.0384899857545079,-15.883292794309854,0.08803106542954137,1.1225103996049914,0.054079413420649126,0.05407593306884452,6.8501611615260485,0.585011766563809,0.00011209531,1.527746250567505,5.102871e-05,2.0273414965940972,31140
312,0.08043071400490333,1.9244510619455877,0.19298318955418145,0.03340323190975609,-16.027768405723545,0.08270775085184667,1.2563340959028046,0.057005834806218,0.05700314725065822,6.568038076799965,5.9684430585106885,5.464578e-05,2.4203691228060227,4.3967168e-05,2.2982356820725367,31244
313,0.08292603820789639,1.8849969032596339,0.1487285553187644,0.035340710169222536,-15.917765269882311,0.08199520767635815,1.3079075696500564,0.08511762640522427,0.05245986786208751,6.395169770728632,2.593977517917469,5.213028e-05,2.416242940769625,3.4534893e-05,2.2943050224515322,31334
314,0.07888495266597077,1.7218010974600941,0.09437397454113497,0.053373173387800496,-15.882533689593384,0.0885481411420801,1.2608764522824671,0.13261914313736176,0.03058231560861868,6.502800052433731,17.286057847195202,3.132931e-05,1.4450767746347686,5.6694258e-05,2.1341060065365087,31439
315,0.08222047948261264,1.7140658179511747,0.1356783250837121,0.03888395577698892,-15.921640393697503,0.08189959318426451,1.2085588759187997,0.06911925654919322,0.05694290514974873,6.612952507526766,8.671667241315912,4.8511934e-05,3.780707115484423,3.6877573e-05,2.097292584459961,31529
316,0.08316807408018735,1.6774702956072622,0.14203792536210022,0.03521705434406374,-15.855263854140372,0.08289328444179742,1.2096754841344135,0.0635532517958579,0.06354697239255794,6.732700046887865,3.1278930604286797,4.126426e-05,1.557580557917761,4.0527564e-05,2.0681444266686366,31634
317,0.08153800952557767,1.735537115950943,0.22058728107872716,0.02305380541241084,-15.960746139630388,0.08296562137264037,1.0528260233337277,0.05876671302261429,0.05876490711173196,6.870617585896661,4.07218047072765,5.2263644e-05,3.0910591699123993,3.6343594e-05,2.029909287690469,31739
318,0.08255128746810114,1.6734901915425917,0.09220271064279031,0.04823429599987592,-15.901842757294668,0.08225731178766837,0.9792099690651586,0.1178501410502129,0.03180592083405237,6.955066035084965,3.0528138044545274,7.386813e-05,2.1416273224719813,5.137397e-05,1.9389227897742214,31844
319,0.08223814088455059,1.67336156060406,0.11782058229617592,0.032752243846393095,-15.825296625065326,0.0812974711788173,0.9702448866115463,0.0651706409033171,0.0651305145525434,7.049160755464004,3.8482445774145764,5.7051857e-05,2.686032454400132,3.894914e-05,1.934299369927806,31934
320,0.08154854876385892,1.7100339127530428,0.14033482165955713,0.03291219035848317,-15.850930453924397,0.08168116528953794,1.0012053377729586,0.05894053096221864,0.05893354705440828,7.051155165999322,1.0787209700835847,5.47657e-05,1.2703398324046373,4.1752643e-05,1.9815721312005135,32039
321,0.08197107960791689,1.7455546073604187,0.13785456745811528,0.03406685077616332,-15.908796841300921,0.08083371907254684,1.1028959904067341,0.06246444621964748,0.062463254332898906,6.841240759641072,8.835752496264071,4.6853707e-05,2.8342528802146987,3.4353718e-05,2.0647858128465617,32144
322,0.0820558629402894,1.694596296994496,0.07073628437009068,0.07071556201117817,-15.91821197666807,0.08143162872172205,1.3289941800078227,0.12243513152225592,0.032380107807456364,6.547560511889742,11.382982100741211,3.0270032e-05,3.2985414805975584,3.6394667e-05,2.15357427089992,32234
323,0.0814348746577021,2.043816201963385,0.15015201033303174,0.03726603009659099,-16.00001815148087,0.08272377068038149,1.2046167501288916,0.06216420258002413,0.062158950074551966,6.511357234259209,3.537330199765918,8.24793e-05,1.7753652176544765,5.6973524e-05,2.372400931988337,32339
324,0.08743855230002248,1.7782479728444163,0.15492460880901177,0.030046445483568048,-15.915137431054264,0.08208306400706954,1.3050214400247795,0.0643671313677023,0.06435213703346859,6.520752894105577,10.174365635883994,4.0742787e-05,2.365097923241078,4.234642e-05,2.205730448592852,32444
325,0.08212035248233884,1.8713112271115098,0.1254465159489311,0.0409261343705218,-15.938969898356852,0.08082722864717087,1.1986696779570254,0.06053986106088735,0.06049918436403884,6.630185045300365,0.6567508077951604,0.00012367543,0.8235796009351971,6.758877e-05,2.222299418522892,32534
326,0.08574852927502868,1.7433011096637923,0.15660017884072622,0.036700888755273345,-15.911943071631649,0.0810778441072971,1.175367241206892,0.05877276168389528,0.05873113398368703,6.793150632756775,7.407822767352573,5.981277e-05,2.07693288313945,4.977026e-05,2.102519181995092,32639
327,0.0804120864561366,1.7783574122919217,0.1731761252780896,0.03243331354030591,-15.94264143050835,0.08787176106713031,1.0452404657451726,0.05333656672046606,0.05333366003287198,6.858510668928373,3.064067935412141,4.524107e-05,1.3625005070825935,4.5958543e-05,2.0627851844253695,32744
328,0.0827664229669383,1.612297867800751,0.10235896749703863,0.0412084615517845,-15.82823932339654,0.08094716865035012,1.0744070744648793,0.08135710292732233,0.049616162435953,7.000153975654815,1.7990420095662154,5.754735e-05,1.7647078561960379,3.827691e-05,1.9374867679999852,32834
329,0.080914512716118,1.6873080913415446,0.08646586745689688,0.050920666528207974,-15.841613772073705,0.08213950384552997,0.9366622705604011,0.11229471044639505,0.033822422266330976,7.024748728923009,6.928525587380267,5.9032256e-05,2.9601571816547536,4.313839e-05,1.9298561615307013,32939
330,0.08188288170817688,1.706126162873164,0.11382236981143769,0.04444809239472544,-15.941491893887365,0.0818697619912627,1.0382091648914975,0.05760698816405877,0.0575981201227163,6.996309919849539,2.4739959712438293,6.147977e-05,1.4141458886947351,4.5027107e-05,1.9971842062526448,33044
331,0.07986817874182078,1.928167559421944,0.15708900383931962,0.03476695558862961,-15.914746421498208,0.08817793149969361,0.9841735680738583,0.05146510474687,0.051461944517097895,6.844312501399697,2.5182763598860083,8.257163e-05,2.3813427958291182,4.4306584e-05,2.1648158696070214,33133
332,0.08208285027657743,1.8182631915822505,0.16622678972953006,0.03175539645600602,-15.958061574155586,0.0823627278113518,1.24890918687683,0.09200275271242685,0.04417858908617703,6.564926497015148,2.393636165258741,5.6704535e-05,2.534810666186591,3.5446046e-05,2.205868353036558,33238
333,0.08735842596052525,1.8066667996748222,0.19255077046194077,0.025289638782031186,-15.932881975198827,0.08058142472785433,1.3508411874986828,0.06460544678448712,0.06459418318796933,6.436572916570083,1.2396983539673636,0.00010119342,1.803099816629405,5.419351e-05,2.2558406058252687,33343
334,0.08845284358152941,1.616228280932091,0.06505444044147152,0.06505399424481392,-15.810407309622347,0.08087136678548427,1.400444525243888,0.12437123146765737,0.0345836747505493,6.421584875956773,0.7357772760858924,0.00011906997,1.0292506170081712,6.4336564e-05,2.1385599651097653,33433
335,0.08039035209649258,1.8180356389424595,0.12238547175150671,0.044221984722235486,-15.906960551385925,0.0834489678376934,1.1235504912736445,0.09268084556445526,0.04604855045562162,6.571263963553268,0.9116820979019463,8.27448e-05,1.0886863015155697,5.082029e-05,2.1371989357348475,33538
336,0.07529865285420456,1.7568209285402785,0.1128166835238537,0.052451805253773284,-15.90652537095496,0.08286255571426986,1.0268991197612214,0.06158781969233002,0.061573683966435595,6.743630864123583,2.042002057003843,9.2994254e-05,2.8180414819281636,4.470896e-05,2.034930361738086,33643
337,0.07948192123892545,1.7361715990016149,0.16829557969636189,0.034212331693263855,-15.939091280246762,0.08842318722684624,1.121782245079052,0.055295112533920096,0.05528866296908825,6.875933540182022,1.0595026251963902,0.00010824303,1.2894831698378795,5.0194765e-05,2.0670479497472773,33733
338,0.08162517567563224,1.726460937769953,0.1926522540776836,0.02289712527185555,-15.937556443108233,0.08316113003873328,1.0288358562309596,0.05942699773122233,0.05941344293291968,6.973294048656176,7.826080691402877,3.495716e-05,2.343524186143628,4.4126748e-05,2.0097687898641468,33838
339,0.09012919873613105,1.72610334475914,0.11154893115760256,0.028163832243427826,-15.854356350470361,0.07580000129662935,1.0226788437331527,0.0965839732103156,0.04113817144104211,7.087756116712858,11.031846470530114,4.8045014e-05,2.8395733706141004,4.5832086e-05,2.006316219893581,33943
340,0.08023842704090454,1.7442897306475251,0.13349284108575107,0.037447240275050614,-15.918865617488356,0.08671280431361589,1.0196086123395744,0.055550868090369104,0.05553378881823911,7.019544063223114,2.160245248726176,5.1238858e-05,1.7971590747056623,3.8717237e-05,2.0204327226610266,34033
341,0.08274853046981216,1.68352522165286,0.1262330874524463,0.03547415074481314,-15.915570705851735,0.08081117105731668,1.1917539000793782,0.061202614343134135,0.06119364661724619,6.817636932233227,11.560137364711409,4.222053e-05,2.0915285673488726,4.8475948e-05,2.0626523047512686,34138
342,0.08574140155801979,1.7581960189174668,0.18778829313814402,0.02479105139260739,-15.899261528701546,0.08295705886321343,1.269164831307328,0.06455485639694113,0.06453541094238016,6.580052479103268,1.900103557064993,5.2279134e-05,1.083921693983808,5.1529736e-05,2.1684170747263054,34243
343,0.082885800439042,1.8083329580442495,0.1237435390197959,0.04079837625021129,-15.932771954944247,0.0809870924343552,1.327575836983288,0.08516331071658494,0.051588592162825464,6.420732056231339,1.359562786643787,5.425368e-05,1.010402877683293,5.3669046e-05,2.243329153310085,34333
344,0.08246349717684387,1.727484233179437,0.2091621017055213,0.02936954514571053,-15.927358542490017,0.08292314975551392,1.343997982538981,0.06191975236970474,0.06191109354227974,6.5397955229910085,1.5171308610154814,9.262418e-05,1.8014995317960665,5.7918725e-05,2.1887284785812056,34438
345,0.0819519221899968,1.687171693166406,0.1143361343957644,0.03905986411601213,-15.857790170941056,0.08168653874722646,1.2310970774386625,0.09499531016101276,0.047170013308112796,6.599897497477685,7.953396775336518,4.425035e-05,1.5372158387180637,5.5372333e-05,2.0885756716719683,34543
346,0.0822017790738139,1.7664375008369209,0.1276005323354895,0.04090006344374948,-15.903699162741994,0.08119382904602827,1.1245705468467042,0.07041337444985803,0.053683611653801734,6.765878258368991,2.113484324206917,4.144687e-05,1.278150560268447,4.3342185e-05,2.0940296939628347,34633
347,0.0836082202067472,1.6691194006715018,0.08761368725570248,0.05242336748013625,-15.889695373303185,0.08118867283325276,1.084967933569281,0.09698369003569125,0.03919914864455234,6.811428371292483,5.706908751314462,5.6085537e-05,1.7875056939224514,4.437329e-05,1.9907573911884866,34738
348,0.08304172284589571,1.7592526297737645,0.13127461911940247,0.036654603072193016,-15.84221260993752,0.08225150005207076,1.0111460586798624,0.057949404693442674,0.057946474166980295,6.995511958684501,5.905288091903801,5.6821606e-05,4.878004162483715,3.6204194e-05,2.0291343394043,34842
349,0.08091026088198418,1.6818420306524384,0.21778980401409173,0.0245380660970204,-15.889358067106185,0.0808138447150553,1.0376617472868064,0.05425875554121401,0.05424966991368457,7.108150361320778,3.5408289384503906,3.8904498e-05,1.988062727929797,5.1242157e-05,1.9761919233342256,34932
350,0.08580858119147126,1.7649857345707252,0.16505274067114692,0.025758626512254475,-15.97230591846209,0.08250579306948028,0.961330184968447,0.05815406333621851,0.05815213436490462,7.052988129400148,1.0077664235334638,8.4955005e-05,1.1322463523250812,5.3734613e-05,2.009808540077793,35037
351,0.08048212521817746,1.7398316748894394,0.10294426298321858,0.046837467550658075,-15.868749009807493,0.08313238411984464,1.078398770665548,0.09405242721916056,0.04324716447424754,6.792881187165975,2.1804662855619394,4.6991165e-05,1.8427579215833554,3.6054545e-05,2.0469387302803073,35142
352,0.08690696216774227,1.7507438773777424,0.1824191002994095,0.02418920605180989,-15.898026285049077,0.0804596191671169,1.3208786204400291,0.06357515999928197,0.06357179573509615,6.533141859974512,2.6096232560651877,4.6622295e-05,1.432949503209647,4.726728e-05,2.1931311985631883,35232
353,0.08298256357396822,1.8430400387704082,0.11876664967736357,0.03459786037845904,-15.910798449628818,0.08201043512451356,1.2676579029672883,0.10696297501299146,0.04381827850789629,6.409490213850109,3.201614729622496,7.525877e-05,3.83389885238924,3.7436996e-05,2.236907048463626,35337
354,0.08116445712882665,1.980060368249762,0.16144841443676114,0.03598769269033183,-16.02037864632923,0.08706484706004554,1.1869225482859211,0.0620247619938146,0.05288184095284978,6.515813804506762,2.3536800736429706,6.2523446e-05,1.6619500622975112,5.140683e-05,2.308554568890007,35442
355,0.0864416819483096,1.7503883332257426,0.14812987034582129,0.027994529924320194,-15.934598777543108,0.08250294972765918,1.1897146945365358,0.0850629297402744,0.04680756123442879,6.571955614216144,3.5241041639050597,3.2669705e-05,1.3972058480886367,4.333219e-05,2.1164310457676043,35532
356,0.08203612182971572,1.6981949453615393,0.14049105280734886,0.03277912557953747,-15.948970597612009,0.0820703656275292,1.1162576917932017,0.07471548386570936,0.05337279019103115,6.787901727770514,1.805442025745481,6.0826176e-05,1.413293030685669,4.3452073e-05,2.0322148771571786,35637
357,0.08679725173303646,1.7452535546741115,0.19474138695807242,0.027245862873219198,-15.91108000726614,0.0815925071347089,1.122524756978565,0.05940610214152562,0.05940079109006444,6.887598547205517,3.663141724822611,3.8848648e-05,2.1784562863416728,4.0453993e-05,2.0750835646143044,35742
358,0.08132468063640566,1.7242457922594174,0.11610760105503785,0.03871633739339718,-15.860411237170483,0.08060699022429603,1.0768930912052745,0.07561651759592859,0.04799365765865453,7.010510208396319,0.6850736594067947,7.6178854e-05,1.4318836859529258,4.5394863e-05,2.0329098066589077,35832
359,0.08164879308368504,1.7947917635228754,0.16378208043551654,0.029559511494265223,-15.884007542821076,0.08571367662047641,0.9386899778064338,0.054132799953129314,0.05411926539210255,7.053546458295214,1.7967546541964379,4.6249195e-05,1.2092667558362633,5.6273955e-05,2.0254422600616873,35936
360,0.0864149634069976,1.7096539159848472,0.19391954614245785,0.019452472943658417,-16.007103525354214,0.08124268835761363,1.0264238090328706,0.0593833012506176,0.05938306483439143,7.113408141637036,3.1040957085251457,5.950576e-05,1.9533983909774437,4.918804e-05,1.9941069049055193,36041
361,0.087871844702744,1.6280665586378011,0.17856916328343372,0.022189575328148702,-15.965596828448364,0.07999580878667792,1.2359361452188746,0.06222192460034629,0.062207248120632386,6.8149926118019675,3.5398753212947436,5.4901895e-05,1.3320841257794653,5.130541e-05,2.0440496262109744,36131
362,0.08611118624197159,1.8457268793490755,0.14974551818240026,0.027844922310538,-15.994315050696661,0.08163818204679278,1.2125184849389714,0.06585438882152997,0.0658291980550017,6.5723939812502365,3.3579867633080234,4.2428674e-05,0.9877619505155266,5.0909166e-05,2.20837242997425,36236
363,0.08867000492283011,1.766608281167379,0.16997767544326345,0.02106652555870906,-15.944789090348053,0.08155621239706645,1.3033066520478844,0.06853092267794268,0.06849894116574218,6.435643613485548,5.880408969759882,5.7479407e-05,2.276282384336841,5.042944e-05,2.195338937012102,36341
364,0.08186701544990195,1.7696423032341315,0.06735848510997584,0.06732725449724566,-15.874146725530332,0.08197725802281455,1.1841869146329456,0.13387369142876338,0.03451167525758601,6.473213221841107,1.955040257685886,4.1477662e-05,1.7723994307765334,4.042441e-05,2.1293032968987053,36431
365,0.08279478783013566,1.657348007578493,0.1189986296997949,0.03613992835470644,-15.885897791348437,0.0853147807798581,1.2422304682492973,0.08900187952463365,0.047286006590005154,6.595335963713089,0.3007370029809445,0.0002608465,1.279434536788706,6.174402e-05,2.071216781138872,36536
366,0.08570296985404395,1.7574566608139304,0.1215810694649941,0.03922847997160271,-15.792747588929792,0.08023006629117128,1.1794513652785492,0.06327229768443692,0.06326644762036267,6.761170317631533,1.6544916571712474,5.2633757e-05,1.1836313096478766,4.7906233e-05,2.116544220586162,36641
367,0.08239218077316911,1.8401921357302458,0.1851046868623609,0.02946059151635748,-15.93436548216786,0.08654127334330945,1.0860471022329774,0.0550899606694883,0.05508295203486316,6.930575480088918,1.2823842665072418,8.7092485e-05,0.7474361783459121,6.243812e-05,2.1367745329519656,36731
368,0.07915010291474048,1.9041790020624483,0.12522017435394653,0.036414470722841076,-15.861685848443226,0.08521878707748426,0.9906068757076156,0.07222201508727275,0.04793224185786668,6.966853587724157,3.7218249359852744,3.9840306e-05,1.617786860620115,4.0958574e-05,2.146438830736796,36836
369,0.08622145845526778,1.765148562316598,0.10776878986350219,0.0317437826669126,-15.845649581981515,0.08032525315083539,1.0505999627961133,0.06239187742432041,0.06233650655814464,7.070847350600792,0.2625236034649239,0.000279098,0.4708830767974228,9.6136566e-05,2.054144524826709,36941
370,0.08316649057803549,1.6717081143698644,0.13339463893993542,0.032389308213369675,-15.88229078608959,0.07971839493102026,1.0464102070508963,0.057719209453034395,0.05771405814856566,7.026669886052955,6.310543857496474,3.471256e-05,1.2474808802257762,5.0927167e-05,1.9722024087477297,37031
371,0.08058324799445592,1.86434554841886,0.22789690693623507,0.023608965629857464,-16.000055694582503,0.08375716094569503,1.1261262138951333,0.056375233523545114,0.05636981601715018,6.812196542891217,1.1480022514533565,9.460228e-05,1.5052606976239893,5.5925502e-05,2.1780598186301052,37136
372,0.08304477137844037,1.7782292187679976,0.11080234765772588,0.0437321456823227,-15.939626099879746,0.08033811552730331,1.227678365442617,0.0670711767840303,0.06701886177213423,6.516637483737127,3.3498330357872157,4.2101394e-05,1.6286429652660093,4.5003577e-05,2.160854766858731,37241
373,0.0848839532400981,1.7006593786218562,0.12757210907396235,0.034237255651232236,-15.954955281044182,0.08085269179716241,1.3471790393843994,0.10825656725337529,0.043817542063360436,6.371169203700021,0.25501956751760274,0.0002964669,0.402290396147589,0.00010528445,2.1695929770929734,37331
374,0.08772316024739545,1.619134069733542,0.13988133256526367,0.02997974168666348,-15.829395001127965,0.08098286668929205,1.358575808173736,0.06753809380837494,0.06751472626868166,6.396285441904084,10.398321767725834,5.145587e-05,4.053131091124433,3.9047547e-05,2.113604353309016,37436
375,0.08199785538090312,1.8362654421148201,0.15378560109641448,0.03212126826626304,-15.934771581092132,0.07955248693893988,1.1964139939860718,0.0756149589623511,0.054424191456028406,6.582014108497337,1.7457317168261226,6.830327e-05,1.916272071065251,4.1251864e-05,2.191638021871048,37541
376,0.07937466152164022,1.827332016071326,0.12974099859569657,0.0475740873594425,-15.925268657212815,0.08257189866697207,1.06734581052211,0.05470115823602983,0.05469883727866193,6.7943496016399525,6.040264750559493,5.2624888e-05,4.140110553267508,3.2826778e-05,2.1162158151281254,37631
377,0.08129894564537213,1.7400707899085022,0.14080914587989415,0.030628877618091344,-15.846473811721316,0.08141564745656603,1.1336888532486658,0.0643782258161991,0.06437719577215882,6.820951939375578,1.6428033843322316,5.6291185e-05,1.2558256560784864,5.2078743e-05,2.07679964605955,37736
378,0.08279908802562365,1.8868611345622959,0.08716943862554125,0.049141882899026726,-15.871146850128733,0.0790484400823249,1.0354490831057417,0.1010981943898705,0.04180767752194471,6.918193656788335,1.6872326438364094,7.54469e-05,1.7594523895644874,4.814602e-05,2.1523010348987515,37841
379,0.08169801021185051,1.7740324159666152,0.19094377780789548,0.025672008569905883,-15.944195270407809,0.08560234228922123,1.0976700524826497,0.05511404848142975,0.055112026626203355,7.092463480106598,11.695381871443596,5.0142597e-05,2.9889438196860985,4.6630408e-05,2.086161680459501,37931
380,0.08246518495292089,1.678845759135546,0.13560699566012668,0.03340527160551191,-15.924580458381104,0.08089792067250429,1.047473126199801,0.058277090307276125,0.058275060373032345,7.090945670010922,1.493023568762754,5.5474404e-05,1.122348178288704,5.1800173e-05,1.9788185952932096,38035
381,0.08019137918931361,1.7673290998997804,0.13956325235836575,0.035619171065005284,-15.885836390986878,0.0822212802678111,1.1074796658041088,0.06108571498308038,0.06108094578493695,6.9017063173942645,0.5431557825982731,8.745635e-05,1.1553349024116106,4.4468856e-05,2.0856565770812194,38140
382,0.08710387530732432,1.7837680288721443,0.14190389577728402,0.03114179320723603,-15.906252365070921,0.08150899170764622,1.200378925258809,0.06598913427688712,0.06593462869074461,6.5559692440498,1.175999113055856,5.7830122e-05,3.01333990834971,4.149735e-05,2.1500553353418392,38231
383,0.08192246372045484,1.7303802441018832,0.1268084623189549,0.043282119763388055,-15.961404120841571,0.08355069440456367,1.2572003018972713,0.09829297377217384,0.04459968605164439,6.398141662051355,1.7450009997538949,7.619763e-05,2.8464451780815394,3.892528e-05,2.138870820846524,38336
384,0.08307446697941626,1.6984228692367056,0.14602013631307517,0.036951976855421426,-15.92472406405911,0.08171209822573736,1.2267836003303234,0.062461714372942595,0.06246127687932844,6.504695465439633,0.2134108594115632,0.00030041244,0.5577457074731449,8.580062e-05,2.09514635402534,38440
385,0.08757621781190936,1.791825556306522,0.15898859318084466,0.027452165036164634,-15.959469160178912,0.08197188629745518,1.1818950031258026,0.07814401961497038,0.04804310553421365,6.615779460680617,8.385884121942343,4.252775e-05,2.1010123961354816,4.600637e-05,2.146512199510387,38530
386,0.08085246238394393,1.821892111478673,0.13786142463440643,0.036895699515709555,-15.936007076384485,0.08229202863651419,1.0825090537231639,0.060442043470552057,0.06042655669077023,6.750387211828948,0.5386426347035955,7.6191944e-05,1.8233439726572984,3.8794376e-05,2.1192254993890662,38635
387,0.0861552316544206,1.8030628307950753,0.23795848812128995,0.018283874148662546,-15.919236600932821,0.08072995194275279,1.1176507261608744,0.0589895745645987,0.05897813093560305,6.897140421758651,4.038646297391621,7.2899835e-05,3.4137106103006216,4.7983496e-05,2.121362467256051,38740
388,0.08000876807238566,1.7932944784503155,0.237718425888369,0.024735778719457722,-15.982191217738299,0.08871657928392947,1.1465413504346238,0.05206003415360015,0.052048514527915535,7.028405462874203,0.47261181687526754,0.00016778083,1.1534689946380638,7.297081e-05,2.128488232219488,38830
389,0.08068489806084791,1.6930161704332285,0.10538667685219495,0.048316011085295006,-15.899864162730257,0.08278668228228987,1.043871214688337,0.07256451607118816,0.04788109805392562,7.064397787565101,13.85248893587607,3.4688397e-05,3.025288857275921,4.0183982e-05,1.9889622586171158,38935
390,0.08258016869343779,1.7123657721301304,0.12417658506676137,0.0399050338339648,-15.934980577815914,0.08053957009108369,0.9722377269969649,0.05670451249756392,0.05668922620384861,6.971912190702061,5.591585419748161,5.9288028e-05,1.846580235282332,5.0507802e-05,1.9691223261542292,39040
391,0.08240994744144897,1.7222849344648683,0.0667779878183257,0.06675422934967763,-15.954732678022458,0.0820888830428276,1.0859873411971799,0.10403712806539371,0.03381132347532501,6.8111454863281065,1.6436340386289914,5.6071647e-05,1.2691287033822907,4.905631e-05,2.0360829798230657,39130
392,0.08193187110666252,1.804788954332392,0.17789167454833674,0.02807364896681438,-15.946404054283784,0.08738059541016377,1.2068828956084106,0.058167179922624816,0.05815164503603246,6.565095790931476,8.433053664613285,5.0556962e-05,1.5162373907996733,5.5728033e-05,2.1711355308668203,39235
393,0.08216715359680797,1.7611899589078817,0.12002234509085237,0.0478858743752531,-15.992308946410263,0.08142030980391696,1.28754250347723,0.06511212386697161,0.06510314992967046,6.471137985434125,3.5932962248437046,4.0611267e-05,1.1295648791568793,5.1195566e-05,2.181640614220949,39341
394,0.08122750192423694,1.643971043195497,0.18619987061578766,0.031156844870015528,-15.906070652120242,0.08173056479000324,1.3017988675467569,0.062036771536516405,0.062033912486459356,6.440129658012636,1.6859205847481327,7.800552e-05,1.9641197888825073,4.2878e-05,2.096979037189287,39431
395,0.0815639729582058,1.675851888818427,0.11423922178265725,0.04834330044836766,-15.917371371451418,0.08634754297567758,1.218694053815597,0.059641375876547054,0.05963092693318386,6.590438772854603,1.5088666166230107,6.452795e-05,1.0583945778984076,5.3970565e-05,2.0721232468320467,39536
396,0.08352981666022169,1.6507911003626947,0.15055811467512847,0.03106573440819736,-15.95578798964581,0.08314474943120535,1.1791187737040771,0.06312662384887656,0.0631199624933558,6.770479326294362,2.519739583819145,9.223943e-05,3.1255180595520238,4.405219e-05,2.0286528385946383,39641
397,0.08151482114018391,1.7011184645765396,0.11118516077712581,0.04292738278198541,-15.953646954632115,0.08196039729371127,1.1363962171997484,0.06227247742398024,0.06226528975597109,6.841121749552764,3.8297938357806443,5.2183987e-05,1.4332990880785592,5.220883e-05,2.0457762323844566,39731
398,0.0787380327578009,1.8531239622950286,0.10973524213241345,0.04954440880676111,-15.832259031756141,0.08276235595661917,0.9610142022772701,0.05762286976790957,0.05761533566610956,6.987698427708641,7.426383011010853,3.648345e-05,2.960803410123438,4.668719e-05,2.087490530903229,39835
399,0.0815225827271098,1.7645887423933322,0.1372504507029478,0.034775106120623664,-15.788800379952495,0.08275815776457385,1.0028175483141895,0.05776252561520654,0.05776032588816799,7.123978223414892,2.7466782509821677,4.0639516e-05,1.1208351067165248,4.9032853e-05,2.029634564395316,39940
400,0.08021257827642239,1.8232644418513162,0.07405917966962561,0.07404620887471815,-15.84557125225132,0.08213829028025657,1.0149834071487855,0.06997419262272411,0.046689493408190536,7.071749534554659,4.9887665472171046,4.632068e-05,1.3964631537937564,5.3749212e-05,2.0867401711058204,40030
401,0.08486787222644561,1.7540569077126336,0.06682961992195312,0.0667688750859572,-15.869332818273726,0.07481694069497762,1.1282269745665026,0.11782437714464582,0.038573791208801805,6.801099112459845,1.1097966176204093,0.00015444648,1.3711140037427088,6.723876e-05,2.0855722815653954,40135
402,0.08091409566920373,1.7515445932369929,0.15816504378934013,0.03853100640921095,-15.938666385465815,0.08238664224752995,1.2132310443502239,0.05737342737498886,0.05736479050840992,6.62443991554818,0.6954694248162577,0.00013666422,1.6854318732604525,4.6835226e-05,2.1306895665659225,40240
403,0.08177614962963099,1.9224385136579234,0.12127974424408956,0.04290160237265834,-15.957665853705755,0.08560270968853628,1.1525694005632587,0.09277661457777968,0.03954431532116591,6.5095298153305485,2.858451697766658,4.597781e-05,1.9899307243997217,4.077354e-05,2.241469621009849,40330
404,0.08200833276135906,1.7188817831356837,0.13671862049693911,0.038342440394183504,-15.95434326312843,0.08246262264920108,1.2577958628959662,0.07785743392433693,0.05383498191846124,6.4922783977229415,0.6192357966531502,0.000106946856,0.6468821658375398,7.922435e-05,2.1299307540654735,40435
405,0.08196388990753747,1.825875086003038,0.14605718865337539,0.035394114582896805,-15.945486715149157,0.08574144590191979,1.2176308233520907,0.10177681399915545,0.03812330858445605,6.532746158505115,1.8329054653736643,5.1052888e-05,0.8564448785681249,6.0062037e-05,2.194639982243942,40540
406,0.07972860328401613,1.9214268345706318,0.11066816898780336,0.05093960308298851,-15.941723994323015,0.08758321288929423,1.0673035844509582,0.06105601376997019,0.051316051131251796,6.746891732606929,1.148664454878599,0.00012078523,1.0150737144340047,6.461293e-05,2.197957693403124,40630
407,0.08244203729085772,1.8810014695977006,0.12308358914012933,0.03925052125780036,-15.923199674255141,0.08543549092507055,1.079196609381194,0.05656477362196845,0.0565607518691593,6.810442895340364,0.8462103454817407,0.000119626115,1.4592436115366643,4.8836064e-05,2.168601358094331,40735
408,0.08074226850797465,1.8176342050441385,0.17816442990854672,0.02846233759759425,-15.867138420961199,0.08625652124373809,1.0633542647588543,0.05549260552999147,0.05549164290996111,6.957815019302703,0.8777112446192725,0.00014271683,1.0855982529148205,6.7257846e-05,2.105829146851017,40841
409,0.08215337939712533,1.7249689391532992,0.19112799651393558,0.026135246154485318,-15.936737866419536,0.08080607061669985,1.0501007502146262,0.058040752786295204,0.058038825536523335,7.061481618613073,2.6820461055888356,5.445809e-05,1.945548835547527,3.7656668e-05,2.01946265789813,40931
410,0.08671501807330247,1.5813430620364577,0.0918967896632221,0.04459069153221356,-15.838162126734247,0.07362725777389134,1.1116928354853737,0.1088329480421242,0.040266955509916665,6.975832051753897,0.758964385119631,0.00010285449,1.0182473924031794,6.5564316e-05,1.9330046146660773,41036
411,0.08019457665591863,1.7698537324841999,0.1210015121385451,0.0427006575428316,-15.889694669808392,0.08551085286302224,1.0521630644268722,0.05694789270296999,0.05694301131546536,6.849892425834627,4.692629264378069,6.8653266e-05,2.207883994548288,4.3300977e-05,2.058987457109052,41141
412,0.08207838925003308,1.6883368125386127,0.15918433155815528,0.02878691235890073,-15.928402777538993,0.08567235122557648,1.196726713877056,0.08587149835220735,0.04628136738622103,6.517079056131513,2.242917927816857,4.7453206e-05,1.3172720458492937,5.0490456e-05,2.0694530727416893,41231
413,0.08140156416896108,1.861985094169444,0.10709643087362737,0.04787685771503203,-15.908367387295737,0.08205947982305802,1.1307374796062395,0.11068585557088238,0.040612526329262905,6.452189755504349,7.824517346794212,4.4526747e-05,3.772245347702351,3.8619837e-05,2.1784296497007802,41335
414,0.08253383086087568,1.6676207951240019,0.12672960408561273,0.04034229143856951,-15.922212655277466,0.08098043791147022,1.2431980767474893,0.06709008118172008,0.0670607851329092,6.521870722455961,1.815372991386288,6.380074e-05,1.1561963842591978,4.9086968e-05,2.080024176388021,41440
415,0.08182633219417114,1.863328242726708,0.14036264325224684,0.036200886801304934,-15.990468014028252,0.08590115875201382,1.1161028642836661,0.060013412452326415,0.06001158610044077,6.597297116644337,2.961863756835614,5.393266e-05,1.7470915643470937,4.348683e-05,2.172021579958451,41530
416,0.0821645529296598,1.8840633046118012,0.12545851800864485,0.03504503060028711,-15.902190992814656,0.08173841396052915,1.0104530385652872,0.07308858918231238,0.06297916634713684,6.75908442188261,2.127297394940646,5.9943883e-05,1.615429014946859,4.183925e-05,2.137921859874809,41636
417,0.08333493386751058,1.753581709402717,0.17009559940834934,0.023573471758522414,-15.860975033969531,0.07996788107528163,1.1654074846837776,0.06421428193531471,0.06420889590390234,6.889847538292216,5.954698668901029,5.3823773e-05,4.946288073498062,2.930905e-05,2.1055221245355566,41740
418,0.08223741150516245,1.7129752492419343,0.1855771906517211,0.02615387140897098,-15.915571450676298,0.08078783440527953,1.1230477276891753,0.05883347653767948,0.05883132261960098,6.979473118886675,2.897119778171166,8.0057725e-05,2.257673320526867,4.232703e-05,2.0482969519049936,41830
419,0.08219479810743642,1.7181173333834425,0.14304870597226313,0.03215364684631733,-15.855241308178853,0.08667551854668293,1.0072639462226773,0.05266535554093363,0.052657656772541965,7.04488270359102,0.46412534839933983,0.00011590617,0.5330099196618481,7.7506644e-05,1.9916093564333122,41935
420,0.0825475045767624,1.720274993135456,0.09855939264855108,0.04477420104266657,-15.838823534950135,0.08156694082415394,0.9885774505169221,0.09443619994493441,0.03823889079391434,7.112083386548244,1.5434367212792737,6.3265456e-05,1.1201546682555354,4.802994e-05,1.9840946115741886,42040
421,0.08516306726825948,1.6346883298173456,0.16632792538243935,0.03368407985629443,-15.944735111783459,0.08296470025320228,1.1691407559077178,0.05354974267667387,0.05354685024311715,6.866107797814513,1.713375503820943,6.452325e-05,1.4036743902920428,5.029649e-05,2.0097502438774555,42130
422,0.08788592648828632,1.7359817376536841,0.17941609639789385,0.02427382365019753,-15.953579009530452,0.08150275361082338,1.230582180365296,0.06473473029341445,0.06473454937349435,6.584143094569462,4.435461138736781,4.941153e-05,1.7964144831038518,4.1781113e-05,2.1279015710553226,42235
423,0.08216206902962243,1.8671070477465324,0.19660281207250752,0.027756383197575413,-15.951616604252882,0.08779416227078071,1.2461814230769381,0.05901313734482659,0.05900815514564727,6.447912582587452,3.2895193875601763,6.0612638e-05,2.124454242477587,5.2520318e-05,2.244784369815247,42340
424,0.08716417343911803,1.6056745494002793,0.18575379892446198,0.023524694812925434,-15.939500695906709,0.0803856660970327,1.273611824236879,0.06994630646208341,0.06993482427933088,6.477435763389375,7.312579729469895,5.4235927e-05,1.723077584878575,5.566564e-05,2.0494579374624355,42430
425,0.08297570474152988,1.7255986891880248,0.07482925038492153,0.07479372232296155,-15.861108072089289,0.082365118513885,1.188513995807869,0.08610524829479965,0.0390888315133037,6.638410253143124,2.133562955884803,7.099511e-05,2.671058417447344,4.3507163e-05,2.0952938587125716,42535
426,0.08701714942600737,1.7109480756284625,0.13784919179576263,0.029927844463611086,-15.874993717468842,0.08148042513600966,1.203005374538643,0.06325501951019546,0.06324356822134188,6.771246926472952,3.0041986008882695,4.0460687e-05,1.0825050195783894,4.73582e-05,2.091546138306683,42640
427,0.08033227642344228,1.8488765044082758,0.10229097808474291,0.048341729697816596,-15.924968693768411,0.08360678100007907,1.0788828974121463,0.05976284948390788,0.05974200798223215,6.904724677469656,1.9725062138046514,6.34493e-05,2.6887127418281986,4.8195066e-05,2.1406383708794423,42730
428,0.08233300737915789,1.693469621894326,0.1351712025250108,0.035226707155507374,-15.859447506721143,0.08307028891049034,1.059346079707501,0.0709219009844922,0.05204859376534479,7.011670579389743,2.1031521208590354,4.3522345e-05,0.9613280330647436,5.510085e-05,1.9975118214595282,42835
429,0.08467083293344392,1.7456631802603544,0.120608797866525,0.030081485395222218,-15.830625974443135,0.08016808441601128,0.9977994955601686,0.07624859868951754,0.049250973723735034,7.116493501143161,2.74272536621807,4.7376678e-05,1.1692374699377064,4.8682476e-05,2.01070728159442,42940
430,0.08060955687145825,1.8573467018642835,0.13421143210448117,0.037935068877109714,-15.929860451158351,0.08219820413721886,0.9419178347324144,0.05618151975475269,0.05618004539836855,7.088024177831964,5.652706793838859,5.9847025e-05,2.4096439097825546,4.724086e-05,2.0825335479442177,43030
431,0.08043429433590822,1.7729692539450586,0.192485516665336,0.027302564335812084,-15.969472373378785,0.08974802405648039,1.0616969277073345,0.054338858095441374,0.05433812709683142,6.903024191957829,1.176779299060887,9.752487e-05,1.2797741956632374,5.991347e-05,2.066547928729864,43135
432,0.0816717618404156,1.7855154318046496,0.21476286064050748,0.025647717473534025,-15.985499712105996,0.08111320273403061,1.1588470243580387,0.06001516305641508,0.06001386221273954,6.63729276277555,3.3708284789887033,4.7812344e-05,1.831593912080426,4.8486338e-05,2.128612642797187,43240
433,0.08138787493822935,1.8208795705288483,0.11916705646318795,0.03880327307390301,-15.90579046992225,0.08125211547569619,1.1898388432984863,0.09984859591394704,0.045242112720462656,6.461807623258373,0.6063971464282472,0.00014403132,1.325276217119,5.1114035e-05,2.175159507574376,43330
434,0.08184666922366034,1.7938561217788551,0.18221907244837288,0.030660901725097712,-16.02486953839409,0.08733619184260513,1.2110455975062409,0.0581233433358693,0.058115199030961316,6.507919634880918,3.1457993461292606,6.123496e-05,3.1802520486820236,3.6567322e-05,2.164382411886292,43435
435,0.0780696424917772,1.6975205092061827,0.1487286949177788,0.041413183448553256,-15.917244789758655,0.08756121304012712,1.1941480833931826,0.07952300392261157,0.041760442469953356,6.65378914199936,7.217773692294743,4.57296e-05,2.5124651180197195,4.2999836e-05,2.0754675435301873,43540
436,0.08705155588235512,1.550898731610239,0.10096702224854594,0.03637052582149135,-15.849689115715947,0.0796537807423621,1.2477272585332,0.1218485125718388,0.03450982490319308,6.750115187194503,2.6947921786056583,7.4645635e-05,1.1656557272059518,5.6577417e-05,1.9905050081316105,43630
437,0.0748404403476036,1.8082682312116545,0.07920606452529494,0.07918641837321569,-15.914171804988404,0.08327478010371565,1.1112648201417508,0.0551666276260874,0.055161445033839296,6.8607104060507345,1.1723001635401278,0.00010040411,1.4560327228429681,4.95226e-05,2.122438101922881,43735
438,0.08770415337326327,1.731891671387611,0.1342778151420495,0.029834403125431997,-15.897931874228,0.08299782182753473,1.1011862082685435,0.060411530248209305,0.060404512364419724,6.956133622691779,2.453607193108442,5.021178e-05,1.1912900254615992,4.5402267e-05,2.052330340540388,43840
439,0.08009236161705442,1.6964282421088304,0.10937702394933341,0.04551621534454854,-15.895316083673784,0.08128297697356326,1.0249825270756154,0.05695585943764682,0.056949774337067625,7.103513081302465,1.5426439164158103,9.0682974e-05,1.8025363443099292,4.6766243e-05,1.982033794221171,43930
440,0.08186363112949441,1.6972254036954093,0.15761828671117942,0.032018928778203205,-15.956536443747602,0.08036007727128788,1.103206587849925,0.06031101643338604,0.06030633000809507,6.989349250931329,3.228947639497918,5.041332e-05,4.282369324428465,2.851905e-05,2.02426254384764,44035
441,0.08119489262773642,1.8869939780468463,0.05955601659650025,0.05954499299223931,-15.900110779797368,0.08852025955246429,0.9694302916777012,0.14766823647804472,0.025175548313149065,6.801330378018953,2.074270262445801,6.384722e-05,1.478221838156255,5.160522e-05,2.1214479403481423,44140
442,0.08225161173580756,1.713072233485228,0.11213162403227803,0.039733685786028365,-15.893557145264372,0.08054611222162292,1.2376653137293034,0.08822184471940285,0.04961496175239407,6.626380330589428,2.097329312420759,9.473425e-05,1.5894058901130113,5.4112734e-05,2.113393457439178,44244
443,0.0817415968965672,1.8241546281853696,0.13026556359616212,0.03921713341083186,-15.950501321158997,0.08488073710615572,1.1958452948868428,0.06051978398743433,0.06048755762207609,6.43810164603827,2.2867966686408168,5.0227718e-05,1.0784219131743933,4.9230282e-05,2.18118914283771,44334
444,0.08057307914350557,1.8112714779165962,0.1498355047216802,0.03497984733832752,-15.99455241183438,0.08321823682040749,1.159805212769623,0.06212182759066492,0.06210516881507394,6.552617459803563,1.8895056420743988,4.435334e-05,1.104314757750046,5.2811756e-05,2.150779509452738,44440
445,0.08104108012408823,1.636520722561308,0.09348721548874261,0.046898519633043735,-15.883646769311634,0.0832224087100169,1.2038184535982412,0.10922974973964182,0.04037854353049996,6.65254067318432,5.294093583284171,5.8154415e-05,1.3595994127598676,5.5639008e-05,2.031595172419015,44530
446,0.08097562257091373,1.8424910322435981,0.15468712567959952,0.03799567805326223,-15.933880002639022,0.08258721556629298,1.1218913743453915,0.058778993750449836,0.058771759953454156,6.844435802546545,7.420642010440322,5.308074e-05,2.3479077471463428,4.1871754e-05,2.1571771971093776,44635
447,0.08211751334277224,1.6301246053912624,0.22501199075333314,0.022877143823139885,-15.94805972884706,0.08299537539881614,1.1659181159191765,0.06101553413050466,0.061010209902790075,6.905563770060556,7.547409941643335,5.5357556e-05,1.8428008934547573,5.7827732e-05,2.004163486876892,44740
448,0.08305585475268819,1.6872901586248954,0.12880248986687098,0.034247863992847315,-15.855116718464897,0.08181648361400579,1.0496405802963258,0.06361186038798301,0.06358947097034454,7.019152384082,6.725163531110361,5.0013266e-05,2.309812255971367,4.2785392e-05,1.9871319601871518,44830
449,0.08143743034875632,1.737329888599514,0.19661025151479417,0.02684791288163477,-15.934442078845256,0.08204077834035403,0.9921484956065707,0.05635124107039688,0.056346099374419,7.136447675258942,7.299777488424607,5.1173407e-05,2.291102876980411,4.5675995e-05,2.000668333121605,44935
450,0.08078961171257024,1.8049542001136494,0.150002255437637,0.031171485250635504,-15.945605744538055,0.08205820586866899,0.8962760054497949,0.059453478927830594,0.05943465396702368,7.035148512569982,3.3441217922589974,7.250139e-05,3.2631463294559038,3.602176e-05,2.0152345626385393,45039
451,0.07441152979914777,1.5237906580029756,0.14479649446916865,0.03574513283819897,-15.938761656741288,0.08757327912495115,1.2723693327263306,0.10804731882045378,0.030987331601575088,6.833453576587716,3.9909004802031873,7.133593e-05,1.2561556297259169,5.8861027e-05,1.9851603684034167,45144
452,0.07987588275270426,1.790019968997873,0.1157443300109593,0.04328774830834764,-15.912667832779393,0.08580462867644305,1.1267448608877917,0.10541759572588721,0.03635286928627064,6.6019339941284345,1.8866769871794742,4.2290703e-05,1.4388915113793588,4.1512583e-05,2.1151183113358445,45234
453,0.08738890074134888,1.8736044988538596,0.2237874067317204,0.02024860680817086,-16.06677436390263,0.08106118828909473,1.2496516128845594,0.06407286431233769,0.06406641905961352,6.502609078370689,5.146693830868587,7.3964395e-05,1.150725534189239,6.691006e-05,2.2521152216772578,45339
454,0.08744092762730708,1.7179458722701284,0.25599216352986187,0.017059486625788763,-16.095421681199255,0.08061478197143403,1.3004019649974659,0.06483826141671326,0.06483321627383733,6.562160839409021,9.22639731898004,5.4051547e-05,1.9252820542684819,5.3087337e-05,2.1546190592815337,45444
455,0.08110866828345091,1.716498618871705,0.11145335420379182,0.045204546977994246,-15.907139212029925,0.08112672335937479,1.2354709688566967,0.09332045266578282,0.04238697703518163,6.632987841350262,4.442649960486252,4.8981965e-05,2.7510594909904658,3.7791335e-05,2.1148891279393762,45535
456,0.08198481737372662,1.8582450931595142,0.12416555510666716,0.03604809962777828,-15.864363101940775,0.08161927316638318,0.9702642195475366,0.06595742860627715,0.06585193389523124,6.817597778299435,3.9297984132216093,5.717687e-05,1.8953623160036759,4.4721335e-05,2.09630328959948,45640
457,0.08223568009479268,1.6907097494259948,0.176635650133934,0.025258260449891063,-15.87921115880195,0.08264406349795166,1.0500919255100583,0.060816929066261204,0.060806125447673734,6.9417120033555495,2.5791394184868834,5.5590328e-05,0.5665436211999376,7.258598e-05,1.9902744807753356,45745
458,0.08050810917779457,1.8369704836961016,0.1477846705422019,0.029058829266130595,-15.903648080183661,0.0822310893536555,0.9674855376050256,0.05905390432259568,0.05904769796352945,7.002471120966728,4.424712748611447,6.431331e-05,3.140629206355114,3.9443592e-05,2.076171674849066,45834
459,0.08286270461650332,1.6589262707048142,0.11899901736274032,0.03927374551233567,-15.888691754802515,0.08288657503879582,1.062268181459872,0.05658135961679884,0.056580140231395834,7.098758162310048,1.941907388565129,6.28771e-05,0.9022748269431032,5.9967137e-05,1.969885798968216,45939
460,0.08173905313844095,1.6918941525472577,0.133874267711394,0.03347521771083985,-15.851539182413662,0.0831199957653376,1.024856381170729,0.055862844311380645,0.055859079672120775,7.099341095330116,1.0666041799818893,7.144519e-05,2.04209305483663,3.725839e-05,1.9780890843058525,46044
461,0.08095611053077148,1.688319474400165,0.1848538300496585,0.029764453370203114,-15.92988849563218,0.08103760736287546,1.070127540900656,0.0601606184548256,0.06016058287742645,6.849230429583697,2.9153095521564762,4.8791488e-05,2.005772707650756,3.544107e-05,1.998898597086139,46134
462,0.08257815715335182,1.8232315060427697,0.2151562862461007,0.026894118543502515,-15.997511222173282,0.08247865655788651,1.216260575525066,0.05644715803983496,0.056443447470612085,6.598369044906252,5.078092916909777,3.56993e-05,1.616356101317921,4.542898e-05,2.1916803855041342,46239
463,0.08826212133066602,1.6586661672800707,0.3220833550612632,0.015088010671385259,-16.048670281321627,0.08238854361496606,1.3591521611212312,0.06391146431468173,0.06391000234685255,6.470439847582646,5.84485066752361,4.761219e-05,8.65806526293292,2.7613782e-05,2.144403891891654,46344
464,0.08803835802555922,1.7354780889914405,0.19965889250891408,0.02319854717381128,-15.99425054981073,0.08160558924470049,1.3494727380187974,0.060910103321056536,0.06090917930116576,6.480347954528753,0.19554827292942836,0.0002921229,0.6261487420785884,8.61819e-05,2.1983996151804,46434
465,0.08317590337612756,1.7107083013336946,0.18034528072181366,0.028923934566644764,-15.955176163861891,0.08721394063713976,1.2421925793903397,0.05653564108102849,0.05652170081849336,6.611991613960592,10.670859932864209,3.933935e-05,2.2962509431124403,4.2713906e-05,2.114134644847494,46540
466,0.08757391694703488,1.6498312200920264,0.16298011047389493,0.026030709588908178,-15.842249183322453,0.08211159958513436,1.1857497721670989,0.06260303048699897,0.06258558690391933,6.732821927146399,3.4838802406857634,4.6416466e-05,1.4043269222503592,4.710164e-05,2.031734622677054,46645
467,0.08037553136262951,1.9343182597553743,0.07978679878773973,0.07971957185192986,-15.91978913884859,0.08285400851559155,1.0592944318740016,0.054052278316091655,0.05404428946259161,6.853029482946464,0.9169035669582304,0.000118285585,0.8273886053701592,8.7302884e-05,2.205377932106496,46734
468,0.08705666297464527,1.731224793478126,0.13807806773122624,0.03052165000115525,-15.890476393648173,0.08235952119122654,1.0197045705245478,0.05890447479207051,0.058889888182365936,7.029092580357897,4.163888166555326,4.9015696e-05,1.3581574030839647,4.8826478e-05,2.0092129545426567,46839
469,0.0818120856415147,1.6765323696262266,0.12592640460778076,0.03121583030551008,-15.901077717708368,0.08297391854221688,0.938108713909554,0.05972917404974603,0.05970544924000333,7.10589321158374,1.439632613126412,6.855922e-05,1.0856523626349937,5.4694545e-05,1.921147767746554,46944
470,0.08231852238720902,1.6698751335924058,0.17171236363133832,0.02525601437455592,-15.879482634558808,0.08275750750174615,1.0130996256272136,0.05730466350741333,0.05730016070384516,7.133644153555829,2.769400186826977,4.8427584e-05,1.327823355817705,5.1400988e-05,1.953165075777328,47034
471,0.08081433581499985,1.7443251823579542,0.17381319808326862,0.02788459523800705,-15.933356433824823,0.08544240068888496,1.0973918064442112,0.05727504606168826,0.057265502816187946,6.865270218614186,2.9915973562288394,3.9612685e-05,1.5733212967604984,4.5808483e-05,2.060810306325888,47139
472,0.08478266014893761,1.740492786751081,0.15774785460149723,0.0352501267199861,-15.917572068363414,0.08232503588670191,1.2478645348762585,0.05906767856507867,0.05905651565428555,6.618150077392446,4.081113359596832,6.602458e-05,2.54829854732504,4.6609173e-05,2.1416071157274588,47244
473,0.08148975622685516,1.8836234516391361,0.13433911311578903,0.03459527583283544,-15.942389579156657,0.08183516926959987,1.2106401724790816,0.09567613589873365,0.053154509911200507,6.480367738803403,1.5588465547546706,0.000104035265,1.5049210869544825,5.651011e-05,2.2391263775823624,47334
474,0.0810785443068261,1.6887906004419795,0.14539932566637676,0.03329860568133064,-15.939146220483945,0.08675109668514731,1.3154687377240886,0.06244006457100599,0.06242624715843444,6.453276902849056,1.6690170392943278,4.9787603e-05,1.5667748151577403,4.289525e-05,2.140670850941496,47439
475,0.08188269614513011,1.8248703661317276,0.11889150471358174,0.0427270678596614,-15.949949267815958,0.08192173122169448,1.1519983703865986,0.11275738053704049,0.036324650956269834,6.590927096363997,3.5768348611219962,5.1527113e-05,1.885930487131875,4.2488533e-05,2.1580667502556827,47544
476,0.08316428186979095,1.4675626546632008,0.11352566695581687,0.04350503261677159,-15.838845438796115,0.08144882564263038,1.2604642310594318,0.09168049713100061,0.04305752807968598,6.745308723128885,0.6924132685363908,0.00010799668,0.9016490880163126,5.9986476e-05,1.9345568544610794,47634
477,0.08714041820935244,1.6684565629100965,0.15817339839419028,0.02821647831454291,-15.940493342211992,0.08223519848651455,1.1237985340786245,0.05832796507420497,0.058321750735248014,6.904324024554231,3.4705390117077792,5.4061416e-05,1.4483237023179212,4.965868e-05,2.011633775694532,47739
478,0.0752096814022874,1.7830357715168559,0.1705069532170364,0.035943648467467795,-15.899922113163504,0.0868081826629878,0.9727367854382941,0.04925393735736153,0.04924931614332776,7.024648529559093,0.8675331777232071,8.825684e-05,1.7865746156442768,4.7322028e-05,2.0311162980621114,47844
479,0.07549701255257397,1.7976298305991083,0.13798473643894948,0.04796162193880784,-15.871052051806782,0.08698168792385882,0.8976874694759017,0.04816667973258438,0.04816277620715281,7.0784848068131625,1.1999718632609702,8.469434e-05,2.0060387414338523,4.5029814e-05,2.0093072937492233,47934
480,0.08142143789685895,1.7061291824397702,0.11337135752501751,0.044105014040324304,-15.861588824798503,0.08500891800273877,0.9945761100986744,0.05387628185181338,0.05387402251030155,7.115638438879474,2.774714145904158,5.7090663e-05,3.3533122379185536,3.795711e-05,1.974856558323062,48039
481,0.08226817375457328,1.7135497071655077,0.18087571908789551,0.02503214718240816,-15.890810453006184,0.07569688995189569,1.0674437242896258,0.06336155478207355,0.06335677754826065,6.8568706149896075,2.5712814534617086,5.3479158e-05,2.486793609965198,3.7040627e-05,2.018833500676146,48144
482,0.08299095544426878,1.6199988101174443,0.12303442713743291,0.03992311284450409,-15.846022070950427,0.0804165041689519,1.2735383041450847,0.08367072597405686,0.053750851468803415,6.580671590585377,2.3652692222092186,9.5103824e-05,2.2906574973505576,4.833171e-05,2.0606542545770927,48234
483,0.0799821163751064,1.85951086721183,0.20182135071592383,0.028236959969888738,-15.973629487301931,0.08339040339178601,1.2418834729750634,0.061293278263821166,0.06128985725710314,6.444470942017025,2.2123141853967168,4.5114346e-05,1.458243507341958,4.9103604e-05,2.23608032631377,48339
484,0.08174178515354674,1.7798908895542092,0.13815778735215775,0.03396197139855677,-15.932188725223117,0.08183954765102325,1.2099198404799654,0.06864065290273272,0.06863189781310064,6.556037433895224,5.2816369716131115,5.8693866e-05,1.608014323560588,5.0933555e-05,2.152189024947655,48444
485,0.08096383917461754,1.689511955706425,0.1338889017894668,0.04001969850367325,-15.920623091472914,0.08189449414702976,1.1546706984541584,0.06353774784643604,0.06352390424942118,6.624565598998472,2.2375166101909274,5.5578454e-05,1.5905812585823083,4.6066634e-05,2.0463907423421275,48534
486,0.08733815689281468,1.6966172867692773,0.19799828866049807,0.020331347325086013,-15.908378712815516,0.08005491835250408,1.1378803495817595,0.06151520723104793,0.06151377503400968,6.740411499011716,2.6799673955317544,0.00010216047,1.7574283754588156,5.6904355e-05,2.042861206183291,48639
487,0.08118650140665065,1.7996995940633695,0.15717466144395234,0.033465035887453615,-15.911099483934166,0.08685364363191608,1.0977112893919077,0.05494035946629489,0.05493054591704727,6.864969842660702,1.8453424474810196,4.5175762e-05,1.9395218992379006,3.379951e-05,2.1080532971749792,48744
488,0.08108713236267696,1.7900427765547962,0.1253162018809198,0.041873604844137435,-15.918326399824178,0.08353656458277776,0.9547895368523923,0.05529347018831633,0.05529099273526147,6.985123372037687,1.1022233277381182,6.705646e-05,1.3127017718027918,4.9683837e-05,2.0287622338703986,48833
489,0.08063785581227549,1.6279592223411932,0.06925249301885823,0.06922400631010567,-15.825549171007484,0.08147043348739277,0.9933125835987011,0.11578936858291325,0.03276266103228691,7.084558452062615,2.8222915554566113,7.2865056e-05,1.9935105814341516,5.0201084e-05,1.907071345896967,48938
490,0.08123315221065898,1.6693337556082848,0.14991869420614673,0.02876314624235416,-15.902420260262739,0.08220628134824455,1.0121623393250592,0.059533891278576744,0.05952602883821628,7.086490168934002,1.6312276772316725,9.473312e-05,1.9512235087167984,4.1484283e-05,1.952216122451927,49043
491,0.08770894876239466,1.7174278433015913,0.14734362744571017,0.027076751097352202,-15.82917600431175,0.07985302808311168,1.123837756032295,0.0616263046636266,0.06161324973706847,6.822243627464864,1.5645318914207378,5.9683538e-05,1.4105169440906422,4.5639958e-05,2.0524545546323942,49133
492,0.08358951494924677,1.8457173276463812,0.1123395932434266,0.04165419659004554,-15.9698711337482,0.08114227344213189,1.2345844787405864,0.10125966970958461,0.040092867703624364,6.626306416130078,2.7174118571171015,6.222547e-05,1.5540767439125824,4.408754e-05,2.220556526801618,49238
493,0.08624798444340227,1.813902466622443,0.22001144832384842,0.022335914420722573,-15.987765493851159,0.08274626820437818,1.3319670428363377,0.0629535864709871,0.06294552692002596,6.451114082043462,9.156791335172292,3.7262103e-05,2.715281634355975,5.2496398e-05,2.2504173749820633,49343
494,0.08093321206125195,1.8691773597307277,0.19629070138613583,0.027378794172861615,-15.962051511781233,0.08223587574413363,1.2266786288611509,0.06335816907429391,0.06335145021538081,6.558582038628041,2.014586977725737,6.269488e-05,3.0253838216469897,3.7018166e-05,2.2357469580957967,49433
495,0.08154513758506277,1.6631049088536656,0.15805808589605888,0.02660376467434936,-15.864536856429888,0.0876279346846468,1.2210764699118275,0.0668850504068024,0.06688409147516976,6.581656562750827,8.231837931800905,4.3291042e-05,1.8127419658294646,5.0946637e-05,2.063236700726674,49538
496,0.08240429747047083,1.7626416019198583,0.072567794639975,0.06475028866567117,-15.830763047568867,0.0814832357777053,1.1158526037020502,0.1352176394066495,0.029261087495766624,6.722182439951811,6.024239770858995,6.0627408e-05,2.142235511863361,5.3195326e-05,2.086152547156427,49643
497,0.08808877000677802,1.5582055026932606,0.13087096398950832,0.029643617113452706,-15.81300200450397,0.08126000160362533,1.156014267938788,0.09609466346462676,0.040184125037239726,6.820757006792025,0.8626892601985221,9.454631e-05,0.9224720804570994,5.5627406e-05,1.9401993135504425,49733
498,0.0819816982876545,1.703942388939529,0.16179247123432525,0.0308489329870767,-15.897067131950514,0.08608510938907114,1.0261870808861862,0.05758302449196957,0.057577043158087926,6.970203008293274,1.2964576510369836,7.977358e-05,0.8737047985616515,5.3192565e-05,1.989090141195884,49838
499,0.08311474762135909,1.5227501798831227,0.20298945260183435,0.025515137431698618,-15.937672564717314,0.07984795615901241,1.0981723814300208,0.06010252988044045,0.06009538805441233,7.169986037448124,0.3744150102331292,0.00022463039,0.9632852137620979,7.608125e-05,1.8774319400899104,49943
